,traj,pi_loss,q_loss,avg_returns,length
0,1,,,-172.73287854524338,126.0
1,2,2.089989911577478,43.00583055692315,-341.26889934476293,74.14285714285714
2,3,2.821871089814789,33.33847681237459,-290.9045278808473,309.0
3,4,2.7378752939056605,27.141711139241853,-73.01874380908359,500.0
4,5,2.471061329765059,22.91333937000632,-322.113924062026,304.6666666666667
5,6,2.2598601097945124,20.178212355067732,-320.36500451508454,311.3333333333333
6,7,2.0190979437720653,17.930919149766364,-59.332268004356735,500.0
7,8,1.6828359888056028,16.234329346229348,-64.77416792584818,500.0
8,9,1.3397889079917686,14.942984207025914,-77.80347153310589,500.0
9,10,0.9763002639447232,13.825417150480877,-26.493944173962895,500.0
10,11,0.5741344635229928,13.124437343307136,-44.935153768568014,280.25
11,12,-0.004885778528485885,12.461090969881143,-36.78581557388511,394.5
12,13,-0.6334448492860112,11.73956426706935,-139.0234350966999,376.6666666666667
13,14,-1.2139228042763301,11.279797263033343,-16.0949920931604,500.0
14,15,-1.8170541462038512,10.786312913222396,-102.45628106535976,359.3333333333333
15,16,-2.4259591283917676,10.37620445667386,-79.01735159323769,358.5
16,17,-2.967308647453063,10.000999579641595,-69.06349657508608,295.25
17,18,-3.400252739313793,9.62730258516301,-8.670293103664452,500.0
18,19,-3.7721046874543243,9.343508493259218,-51.84004869410403,500.0
19,20,-4.072690040868854,9.07540416459096,-123.84951961958485,316.75
20,21,-4.353680395807643,8.789977814197092,-151.76563683131442,335.6666666666667
21,22,-4.651152990417839,8.59532358086393,-100.86956515458746,337.0
22,23,-4.969867729899575,8.522148546915703,-81.0816392904505,291.0
23,24,-5.2894479398950445,8.407312208038048,-21.785744538811485,500.0
24,25,-5.605542091619488,8.290534257124488,-44.93359705093886,500.0
25,26,-5.91196854355003,8.122972256967662,-21.65416273645401,500.0
26,27,-6.229904118352226,7.971454797474008,2.8893646619718036,500.0
27,28,-6.584216262306563,7.840097908034479,-235.06702664093257,477.5
28,29,-6.979462267924646,7.856852215903146,-116.49199713009764,500.0
29,30,-7.409399322254507,7.798832949983251,-22.89366720347033,500.0
30,31,-7.859806180513314,7.690612302642166,-37.0448424397267,500.0
31,32,-8.276678999772775,7.553463095130362,-49.67499166621622,500.0
32,33,-8.6650104628157,7.3915053446405565,-21.306025362718668,500.0
33,34,-9.021114284967306,7.194663224938511,-48.26947129446651,401.6666666666667
34,35,-9.355551478925534,7.036868297122944,-15.312985256568126,500.0
35,36,-9.693886835099299,6.880006562231736,-27.758857803851726,500.0
36,37,-10.049490722524801,6.734804152593471,-65.22129634211512,500.0
37,38,-10.408292517188766,6.582007202442836,-86.77797783371334,500.0
38,39,-10.744728797125514,6.423524081381645,-45.73554948164768,500.0
39,40,-11.063726466492822,6.273918844408025,-62.50996042095763,500.0
40,41,-11.37100458567233,6.131063484022393,-78.60069669422742,500.0
41,42,-11.665975434555378,5.997568536496635,-73.96695593956132,500.0
42,43,-11.947030628227914,5.867258303140707,-22.21564225026737,500.0
43,44,-12.204438535429443,5.740308700605707,-34.73185267961436,500.0
44,45,-12.425601490385704,5.618384848931736,-52.11524583181098,500.0
45,46,-12.61103376325052,5.502016820769277,-33.19447214563556,500.0
46,47,-12.782663354990543,5.412319193168665,-40.480595662879495,376.0
47,48,-12.949603142110094,5.315679805603592,24.921730077831228,500.0
48,49,-13.106454006378609,5.22177317683824,-33.400014019326306,500.0
49,50,-13.258712333722755,5.150419497941921,-5.739317630868929,500.0
50,51,-13.405939283287772,5.06529843077442,29.582052661359533,500.0
51,52,-13.544913308256522,4.9809598605108025,7.752301490015869,500.0
52,53,-13.668890966229036,4.906783692710617,-5.652351119719928,500.0
53,54,-13.785119181115455,4.83646891625875,-24.076896989795234,500.0
54,55,-13.896812586509528,4.761700375749557,-60.34700943818349,500.0
55,56,-14.007196118279161,4.699697965450124,25.889339587489513,500.0
56,57,-14.109090809614964,4.628553985335571,10.972937067873927,500.0
57,58,-14.199821679015544,4.553091097120836,-25.185641165783537,500.0
58,59,-14.280521816576561,4.480121972557722,-9.779133140436429,500.0
59,60,-14.355372891974659,4.409911812626027,22.03015338021232,500.0
60,61,-14.417424263821252,4.341735143974349,41.221487517165926,500.0
61,62,-14.46948839768641,4.275720178721576,7.7902838645237615,500.0
62,63,-14.516377402809175,4.211873116848546,2.14357024424354,500.0
63,64,-14.558778444258946,4.149546643050204,-8.862900327083615,500.0
64,65,-14.599547833540111,4.08893823055973,-21.479538703800408,500.0
65,66,-14.63582987595247,4.030225626655393,49.95779480290071,500.0
66,67,-14.677258976298218,3.9730988146417854,33.440360343974405,500.0
67,68,-14.723385430689541,3.917744399136794,12.285445669215717,500.0
68,69,-14.779528725719985,3.864127215209329,12.662800198874766,500.0
69,70,-14.839164542111632,3.811669927696257,47.19949211489657,500.0
70,71,-14.894013905127906,3.7604537474108692,1.660546713419338,500.0
71,72,-14.946597291533216,3.71065409689852,1.2864508939412884,500.0
72,73,-14.998958970873064,3.6623377732617155,24.78075684434276,500.0
73,74,-15.055257734005263,3.6156755171039228,35.992891536918144,500.0
74,75,-15.122008588534921,3.5703682896707205,-5.491822016818195,500.0
75,76,-15.188316065880302,3.526217982419788,10.757547028052699,500.0
76,77,-15.246973746315275,3.483234214360267,28.295448886018654,500.0
77,78,-15.303811597259793,3.4411866177326473,11.826102479403012,500.0
78,79,-15.362528578165712,3.4111016509409513,-46.43508187394508,460.5
79,80,-15.42408279618297,3.4002284496698576,-100.75226328131119,287.75
80,81,-15.495239744347785,3.4214856872316632,55.4210279916683,500.0
81,82,-15.577951934342773,3.4207311106332288,30.377704353170774,500.0
82,83,-15.672317206140121,3.4162674544523037,61.060701276810065,500.0
83,84,-15.770576533252507,3.4087986908803143,10.942980570706634,500.0
84,85,-15.869922468557109,3.4070365657863335,13.315006685745667,500.0
85,86,-15.97407064795256,3.3952235020611914,52.63433542388664,500.0
86,87,-16.08003582796427,3.376235432734479,42.87885399265848,500.0
87,88,-16.18221408844803,3.3709981853050746,53.32212024281988,500.0
88,89,-16.278282507078625,3.34788215348917,21.03843510373477,500.0
89,90,-16.364803331740926,3.3196021348599802,7.946583165266109,500.0
90,91,-16.445783679889445,3.285354947723117,65.24193608853614,500.0
91,92,-16.521822870547304,3.2518250740296075,8.777730977149888,500.0
92,93,-16.593291187047317,3.218990165137467,49.18297724348974,500.0
93,94,-16.65926666780634,3.1869119358141336,28.437689396029548,500.0
94,95,-16.718542625414443,3.1557749986705232,-36.064447831496224,500.0
95,96,-16.77310180658981,3.125483594779631,-16.413381445475302,500.0
96,97,-16.821488691524046,3.095909086864845,-6.564113881076903,500.0
97,98,-16.867390520268252,3.074092476569915,-20.71905557211174,347.0
98,99,-16.904879629679485,3.0477689009246776,29.081500249008123,500.0
99,100,-16.942957613979086,3.0223727164065597,34.95494771682342,500.0
100,101,-16.98561477056444,2.9962499908462834,78.68541120027072,500.0
101,102,-17.0269655177932,2.970455258764164,24.366097045165475,500.0
102,103,-17.069472645723472,2.945434399918233,51.74730598947539,500.0
103,104,-17.11029425576532,2.92086590383698,44.23318412011391,500.0
104,105,-17.15513808778926,2.896655444259024,22.830966366219904,500.0
105,106,-17.205697612120655,2.872790951446209,32.060148680123866,500.0
106,107,-17.265584919022054,2.84950693530228,36.38654986935879,500.0
107,108,-17.331192100820253,2.8268162481842056,63.17183545328168,500.0
108,109,-17.40542544176612,2.8046157112218024,50.995088817525286,500.0
109,110,-17.483567585503618,2.7822716152962466,49.030097322656935,500.0
110,111,-17.557640993232187,2.7604695970784396,26.90822387630787,430.6666666666667
111,112,-17.638975699419053,2.7476987798981702,38.21712186238213,500.0
112,113,-17.722431165251884,2.7365790729721473,26.44656517046173,500.0
113,114,-17.80582950986624,2.7253668846730106,24.315961659974924,500.0
114,115,-17.892534738863038,2.7126293908869092,-65.42902647623602,333.6666666666667
115,116,-17.9882260628919,2.7197646516247285,70.64010829388502,245.25
116,117,-18.093977832504287,2.7459575163063947,51.08628325566022,305.0
117,118,-18.206945760887812,2.769346681213009,10.766917853157375,434.6666666666667
118,119,-18.32272125040586,2.802681818365962,95.34238420309623,500.0
119,120,-18.44272933992929,2.8446902549631576,-19.841929382531575,500.0
120,121,-18.567020401731636,2.862585786236636,86.87310627391317,461.5
121,122,-18.69186575022877,2.8956955255551895,14.825627835554828,494.5
122,123,-18.8196216505593,2.926246758342974,-47.03695313847944,346.6666666666667
123,124,-18.953022487976398,2.9838838447262717,-87.26974707268336,413.5
124,125,-19.088951688355305,3.030813373526967,-81.45973370267684,455.3333333333333
125,126,-19.22913065739241,3.0762037925240873,25.65630997661134,500.0
126,127,-19.372126762489575,3.116077298631779,31.55992902983442,500.0
127,128,-19.521239615765804,3.146086880596662,40.96308717061801,500.0
128,129,-19.669486199512615,3.1784807741955268,-39.39100679797991,381.5
129,130,-19.816391230270753,3.1984874581650127,10.59786565924668,500.0
130,131,-19.96255065972796,3.227982003047936,12.834527087970292,500.0
131,132,-20.1079422928842,3.2505576383762116,7.917303193162441,500.0
132,133,-20.254334246637878,3.267315831349733,14.790401035926422,500.0
133,134,-20.404694516105494,3.276411784693251,-8.709421452302163,378.3333333333333
134,135,-20.55690344458578,3.294997866763986,-127.17579280573527,258.75
135,136,-20.70497495374565,3.2928851948418325,35.22694846867756,500.0
136,137,-20.84728961715374,3.2973851023481715,-42.60825944328438,277.6666666666667
137,138,-20.990311910347607,3.3334408546794174,6.912148415874739,433.0
138,139,-21.132392997290694,3.3567803133509617,34.967314964766814,500.0
139,140,-21.27262734688915,3.389043539266502,44.99130897380128,500.0
140,141,-21.41056949506445,3.417590840707772,22.511624000602726,363.0
141,142,-21.548736443598983,3.429489942535578,59.87664675593718,500.0
142,143,-21.687433148413227,3.4424358198498437,2.651639634160231,372.3333333333333
143,144,-21.828875416628552,3.4777177016490506,-107.79231394128288,234.5
144,145,-21.970388271662515,3.5095612614346354,-84.60422540776132,407.0
145,146,-22.11367202146555,3.5431214290306174,-19.055875090399272,373.3333333333333
146,147,-22.259081470144203,3.5598768861268377,53.01733575321107,500.0
147,148,-22.400464021095857,3.567999170214373,34.479398001571546,500.0
148,149,-22.536839690684868,3.5662662164432475,30.085012649052512,500.0
149,150,-22.66976168752029,3.5631167763541107,61.49487558677444,500.0
150,151,-22.800435924987397,3.5659792609822456,30.03626846960033,500.0
151,152,-22.925464322894378,3.565395627331388,4.213736299211448,500.0
152,153,-23.04857437399524,3.561874864568885,57.293708252538366,500.0
153,154,-23.168278244215134,3.5479861835982383,57.298403096190825,500.0
154,155,-23.284446167494647,3.5321751617552493,25.946435673374182,500.0
155,156,-23.39744107535293,3.5173006126294117,102.86463443114788,465.5
156,157,-23.51561469999422,3.5003267108104454,60.33877872499929,500.0
157,158,-23.64520731579202,3.4840398357882902,1.7437134413464555,500.0
158,159,-23.778662887997793,3.4689371463160064,25.57837744506309,500.0
159,160,-23.91004134755127,3.4534250890799196,36.48541611538285,500.0
160,161,-24.03500802524291,3.4376497913533726,35.69232326035791,500.0
161,162,-24.15296939118153,3.421568336112612,21.11826875392396,500.0
162,163,-24.261521734555195,3.4050933178915006,51.438323356692635,500.0
163,164,-24.365586545599825,3.3955171552844847,-24.01741264849835,423.6666666666667
164,165,-24.465745032614834,3.385663471608899,24.57547426479087,500.0
165,166,-24.559624657402836,3.3751941273739567,27.253123848735036,500.0
166,167,-24.649836194876805,3.3636194534765393,33.11374260210053,500.0
167,168,-24.743583762971443,3.3567963124144486,67.4698374632798,500.0
168,169,-24.85148885834068,3.3484850632825505,-69.52240694381949,291.3333333333333
169,170,-24.970633834506703,3.3435680348266947,185.8820711708132,406.0
170,171,-25.093715672954882,3.3371543102751144,94.57242405719448,500.0
171,172,-25.215385053591913,3.335914144656698,40.668384692284185,500.0
172,173,-25.335134312112594,3.3312781736931734,36.806921231196455,500.0
173,174,-25.452050506966305,3.323148026215349,77.5550536175462,500.0
174,175,-25.56320199699587,3.310242321938096,62.843789766543054,500.0
175,176,-25.6689777404651,3.2982595669636634,203.92941849198235,349.5
176,177,-25.770077689365568,3.2863402857310815,56.09879337911832,500.0
177,178,-25.865197203501133,3.278227500414654,53.55925212448336,500.0
178,179,-25.960043650502506,3.26953155557221,175.16188283299257,413.0
179,180,-26.05620457995078,3.2591888043121,101.16798380112752,500.0
180,181,-26.152169137638612,3.2480352535739203,84.16771782539453,500.0
181,182,-26.25164326060774,3.236071393330946,34.69551353843272,500.0
182,183,-26.355572064860514,3.2286055113302154,78.56962716380086,359.0
183,184,-26.45804389056815,3.222212290314906,57.96315047790971,500.0
184,185,-26.555296370748533,3.218029479408207,55.264989329094874,500.0
185,186,-26.648899695838402,3.2075204137687825,86.32878017151906,500.0
186,187,-26.73957510643384,3.202910528851188,121.49050242961883,500.0
187,188,-26.832112142026045,3.2056806996922833,113.82613721171185,308.6666666666667
188,189,-26.9306040287664,3.214352808572153,142.56419142324035,286.0
189,190,-27.031215267409156,3.2357158235426215,183.3446247509937,441.0
190,191,-27.134686245891864,3.2544340026857896,146.92134093700702,325.25
191,192,-27.238072928429336,3.2657704384467596,157.4951676334909,374.0
192,193,-27.34077492912381,3.2758450489363087,-26.365989316802036,410.0
193,194,-27.44463486949712,3.289268197591911,74.05256046829498,500.0
194,195,-27.557762194300867,3.3004133786043632,44.61794171721746,500.0
195,196,-27.678194457923393,3.3124220169376026,0.29115944127762816,378.6666666666667
196,197,-27.803999779257182,3.3473052514275037,-106.14432295877316,446.5
197,198,-27.929630260087695,3.3662032465407914,54.41615923383851,500.0
198,199,-28.05187816868569,3.3856780285151538,-59.77441973201896,373.6666666666667
199,200,-28.176379733531025,3.411650389970719,143.74541000486963,459.5
200,201,-28.300725671817485,3.4141013264194946,146.3844039046408,500.0
201,202,-28.42206145307787,3.4134206285331303,205.89840608140477,480.0
202,203,-28.539961239899448,3.418244685915223,175.36104889796758,486.0
203,204,-28.655509088653123,3.4108171878111992,124.81901775938601,500.0
204,205,-28.7654560811844,3.4173738840400216,179.2640085537988,460.0
205,206,-28.87072758207711,3.412775436944736,163.32638901620822,380.0
206,207,-28.97353797287033,3.405711880812794,102.9656767245012,382.0
207,208,-29.073321443804396,3.4080259321924498,54.77672588788057,362.5
208,209,-29.172686084930433,3.413474888331665,-44.472088277578024,308.5
209,210,-29.272351866834075,3.435027206678703,196.69140086737116,370.5
210,211,-29.37383773358635,3.4576121912481312,177.06977278315344,474.0
211,212,-29.477652620989623,3.472143643099091,78.58812624611637,500.0
212,213,-29.580015524343896,3.494854894945271,85.86169106622675,500.0
213,214,-29.681276126929355,3.5120512259968497,47.593667510682764,500.0
214,215,-29.78257273819798,3.5316753243135444,67.72738562392605,500.0
215,216,-29.88258283615972,3.5488670909694116,96.64545235021002,500.0
216,217,-29.982318481708184,3.5576573165379117,60.66111236916993,500.0
217,218,-30.079388879125297,3.562941268880061,94.79758314564118,500.0
218,219,-30.172564127848297,3.562140438193144,176.67981010225748,411.0
219,220,-30.26289888746505,3.5529823662083784,146.1804679908506,434.0
220,221,-30.35240459127573,3.5475524895836883,117.5719597053776,352.0
221,222,-30.43808285467717,3.542520487588044,86.45297447085602,500.0
222,223,-30.52084123631528,3.5366215014104165,105.08847185868257,436.5
223,224,-30.599104723130377,3.530899707640761,71.08160678125041,500.0
224,225,-30.671963158574865,3.524285404995343,140.8962901311211,462.6666666666667
225,226,-30.742670537436332,3.5177778020141717,173.20388514434697,416.5
226,227,-30.80948235943186,3.5103395996914433,196.73058397336987,403.0
227,228,-30.873786319011483,3.5035983936515214,99.19243010713731,500.0
228,229,-30.933670488931167,3.4990029648219285,134.872805007385,500.0
229,230,-30.990554762655943,3.4939608239139983,180.78696192449416,465.5
230,231,-31.04452778133533,3.486092611355859,42.08036348402786,500.0
231,232,-31.097698788831718,3.476981211095558,122.86043457406016,449.5
232,233,-31.14963866066743,3.467125251742388,100.93835762119718,500.0
233,234,-31.20046194053101,3.457391172590922,92.01833496019012,500.0
234,235,-31.249967981749066,3.4480565238826864,134.944429847945,482.5
235,236,-31.296077466881687,3.4390689372512826,54.94176074444627,500.0
236,237,-31.33945318141686,3.4278928784078646,68.22483269731543,500.0
237,238,-31.38027810234496,3.41740130223789,73.24083454446111,500.0
238,239,-31.42202841342613,3.4075159814967324,152.79602962467698,500.0
239,240,-31.464508518531588,3.3969384611428466,124.02772901918767,500.0
240,241,-31.50700104548907,3.385993522518531,146.47197519962944,457.5
241,242,-31.550878944058,3.3779846616375186,102.61821329634681,388.3333333333333
242,243,-31.600632049205636,3.3800670751226893,-39.32259901455158,185.66666666666666
243,244,-31.654586339911077,3.395588768861844,55.49919442413039,352.0
244,245,-31.709212668462424,3.40642766393889,23.762405327151935,398.6666666666667
245,246,-31.765513514114456,3.4157926922990285,-6.7810391690486505,367.0
246,247,-31.8225585058365,3.4219086765104003,64.04449087902022,500.0
247,248,-31.87815346107305,3.4291998030564135,68.65220232673096,500.0
248,249,-31.93280971581374,3.4383720399998543,111.99561705809771,500.0
249,250,-31.986805320253865,3.44300697620733,68.47541783554416,500.0
250,251,-32.041910212031325,3.44492687658351,128.44246672570617,416.0
251,252,-32.10069511992443,3.455043529732703,-13.669454981206908,285.75
252,253,-32.16045910987226,3.4649655066089786,-23.678404033209233,310.0
253,254,-32.221736508793654,3.474579536718842,31.50929647384948,459.0
254,255,-32.283647196101164,3.4822417776652492,74.45957558196572,500.0
255,256,-32.34636629337812,3.490496598900328,55.524593944852015,500.0
256,257,-32.408993231878945,3.4928611866650923,46.06831521543174,500.0
257,258,-32.47005018287072,3.4950318642888836,77.35962889890311,500.0
258,259,-32.52940763817846,3.4945534930832793,73.99092477673119,500.0
259,260,-32.58927623540495,3.49464261290825,76.60821161108744,500.0
260,261,-32.64747033502116,3.4967534839283094,66.04711225748524,366.3333333333333
261,262,-32.70531353507038,3.4975892667991952,143.14810445788885,442.0
262,263,-32.76462060588931,3.494840332940658,94.6080953271765,500.0
263,264,-32.8195144136811,3.489682540175822,48.51675669982857,500.0
264,265,-32.874084220532,3.4897287108814785,191.193479908001,257.0
265,266,-32.92638480531347,3.4921599497100027,47.71722923566476,412.5
266,267,-32.97701572050489,3.4943089185380445,60.072360304245905,373.0
267,268,-33.0277128772862,3.4968318848617788,83.49904642168687,500.0
268,269,-33.07988603334263,3.4987035676605824,35.492463644498436,500.0
269,270,-33.1330482695978,3.5003580276807824,109.49348118256934,500.0
270,271,-33.18680775748337,3.5001374629073387,62.20043112696066,500.0
271,272,-33.24120872455308,3.499012987324776,-12.040559168217593,367.6666666666667
272,273,-33.29892864094601,3.501214360975993,110.11497086412191,322.0
273,274,-33.3596858722503,3.50144613262578,35.45702788899315,500.0
274,275,-33.42030745454196,3.499928955565539,35.81488461674962,369.5
275,276,-33.480248686925506,3.498972620312413,116.24810996590776,452.5
276,277,-33.540117523960234,3.494470641773242,72.63371323988008,409.6666666666667
277,278,-33.600366897812776,3.494048409375983,34.996144898318995,500.0
278,279,-33.66182728912964,3.500730964829418,-76.23870494417446,386.5
279,280,-33.72248759679876,3.504883055622383,107.55186951872417,399.0
280,281,-33.781255811165195,3.5082901038222802,53.610318200487185,500.0
281,282,-33.84000005312861,3.5134843347494433,31.263326581479657,363.6666666666667
282,283,-33.896444026342145,3.51317816803888,51.04476771311451,500.0
283,284,-33.95104894622135,3.5150391904558123,-1.243128420616128,358.6666666666667
284,285,-34.002593432321476,3.512232245499141,61.709546709675124,500.0
285,286,-34.05084624248551,3.5084266371729647,-54.822117575466024,363.3333333333333
286,287,-34.09889556555828,3.512963151521839,-22.36036984743643,348.0
287,288,-34.14586772983544,3.5141442468444994,29.38328038236069,500.0
288,289,-34.19230807859745,3.511177424756431,55.346702403583606,404.3333333333333
289,290,-34.23843030354701,3.516794944026575,53.9792422973523,500.0
290,291,-34.28365679472016,3.5145586821079497,75.82483506241084,500.0
291,292,-34.328100127219294,3.510640040318472,29.79611448218177,500.0
292,293,-34.37319963141774,3.5063005748378946,35.461042684256796,500.0
293,294,-34.41801586845821,3.5025420640418488,54.61352351697486,500.0
294,295,-34.46326854723437,3.5013913648130273,-42.96712379894507,366.5
295,296,-34.50931062707914,3.5056126104408136,-170.36295756608652,459.0
296,297,-34.55407952416761,3.5023925013495694,-1.3854723709329182,500.0
297,298,-34.5981154787813,3.4974855135324865,-18.487193639083657,500.0
298,299,-34.63998883402376,3.4927797453446714,-25.14438617620524,500.0
299,300,-34.68213769100897,3.4862765253070345,-7.618489163084805,500.0
300,301,-34.72575751881898,3.4787510452975767,-11.447369760551359,500.0
301,302,-34.772303804484835,3.4704751964944283,-23.87745667025068,500.0
302,303,-34.81918611404955,3.462262430292806,-3.189246684410109,500.0
303,304,-34.867488708281876,3.4540508262667657,19.565748286077593,500.0
304,305,-34.91406603398053,3.446248438127568,6.391041568414654,500.0
305,306,-34.95782800975843,3.436474120684055,56.43424227865415,500.0
306,307,-34.998959298475235,3.4266323136021635,54.18492086565994,500.0
307,308,-35.03467006112866,3.41669657100021,44.59944569008713,500.0
308,309,-35.066041547111226,3.4067852997833685,33.160775243006874,500.0
309,310,-35.09129905378823,3.396919236316885,33.82202626012143,500.0
310,311,-35.11257870018356,3.3870284773881862,27.34931711321477,500.0
311,312,-35.130011239791884,3.3772135146780977,22.718731164615555,500.0
312,313,-35.1449636427095,3.3675290340663184,31.072884892428007,500.0
313,314,-35.15849619891481,3.3580785388383516,52.871980434669254,500.0
314,315,-35.171359659462034,3.348732601199264,51.59396929525198,500.0
315,316,-35.180329890296996,3.3396062799979047,9.284360724970934,500.0
316,317,-35.18552357321854,3.3307134736535278,27.553004038222326,500.0
317,318,-35.1890143505576,3.3219130652345488,37.183274513457086,500.0
318,319,-35.19050880588657,3.3151224082806703,7.029242264941466,418.3333333333333
319,320,-35.192205697342864,3.308184303442642,-53.63742965930413,483.0
320,321,-35.193015668291864,3.3049938299409427,-25.118933641853793,421.0
321,322,-35.19288652997638,3.3010661116014792,38.33097620842003,500.0
322,323,-35.19106961828771,3.2953906799432175,12.111591444238144,500.0
323,324,-35.1873720310357,3.2895564694742934,35.66404316746393,500.0
324,325,-35.18211277318866,3.2848427306469423,72.30221158534357,500.0
325,326,-35.178221067451894,3.2776770208209647,45.115610937163595,500.0
326,327,-35.17539198405769,3.2710503787777436,59.235980259003895,500.0
327,328,-35.17227249270664,3.265071987549736,80.95313872409326,500.0
328,329,-35.16987539560487,3.2586685633409753,69.56503334768892,500.0
329,330,-35.16857217416949,3.2536195266676153,65.70524749095732,382.0
330,331,-35.170240984531,3.2481716144795114,77.31898191631923,500.0
331,332,-35.174304124486234,3.2418207705172604,49.680339281648,500.0
332,333,-35.180005137366386,3.234929897190072,36.91344688689068,500.0
333,334,-35.18293699657377,3.2287662127714243,52.145796464354056,500.0
334,335,-35.1804835024101,3.2250714575949258,120.79662587413037,500.0
335,336,-35.17582898566784,3.221180557834211,84.79205339280412,500.0
336,337,-35.16986200488051,3.217440657044786,50.88226792183038,381.6666666666667
337,338,-35.160586264842735,3.2126880143101544,88.64126001688504,500.0
338,339,-35.14935679279457,3.2072890028170606,66.97309113358254,500.0
339,340,-35.13684914936791,3.2018957567988227,45.065556374690765,330.0
340,341,-35.124110668622016,3.197906965578381,6.789412854052184,500.0
341,342,-35.115719077623034,3.1928478237316567,-7.932989866575258,400.6666666666667
342,343,-35.112699344896406,3.188060305308248,13.515571445997216,500.0
343,344,-35.11255528899585,3.183181909908157,18.412076386504374,500.0
344,345,-35.11788205586794,3.1772951659719335,15.764450900558124,500.0
345,346,-35.12816481657261,3.171322719928353,51.358122731342156,383.3333333333333
346,347,-35.13979426869943,3.165599973279908,-19.49981650455653,357.3333333333333
347,348,-35.153672831419186,3.1597330390046308,26.299033150685506,500.0
348,349,-35.16694330243061,3.1540220380348445,3.1439653767387816,500.0
349,350,-35.178101140749526,3.147692112966909,4.978517557988111,500.0
350,351,-35.18742592809606,3.141000401757128,16.86096116978713,500.0
351,352,-35.19425194875804,3.1344731929993594,58.0439769606465,500.0
352,353,-35.19808111925434,3.1277212219833634,1.4558948765914268,500.0
353,354,-35.19999284978099,3.1207425268355817,29.06192310342422,500.0
354,355,-35.20113234029905,3.113904929651462,-12.880241586511833,500.0
355,356,-35.20260020852516,3.107761239911392,39.35654001108581,500.0
356,357,-35.20699959637808,3.1012220502346066,-6.896703602851186,500.0
357,358,-35.21595414383068,3.0945109095565226,8.685799029539995,500.0
358,359,-35.22831084952525,3.089367659472452,68.31347607661223,500.0
359,360,-35.244235056109254,3.0846263981996374,18.400698149127045,307.5
360,361,-35.26379315947517,3.080597618099061,-50.81399216974395,261.8
361,362,-35.287789270107076,3.0869944071948434,-40.36215742240419,196.2
362,363,-35.31495519158785,3.097769835534542,-41.502978651201055,328.0
363,364,-35.343896818025286,3.1031812949243314,27.379200068949153,500.0
364,365,-35.37359218758263,3.11299214195735,-5.229372029999166,430.0
365,366,-35.40370960283238,3.1220280300148535,39.795521630440454,500.0
366,367,-35.43323873211162,3.1295518305419394,-179.7098981422213,363.0
367,368,-35.46185369209565,3.1375316164373688,-25.65574788789986,500.0
368,369,-35.488707131318264,3.1455408822225475,32.86462953462703,500.0
369,370,-35.51631067933788,3.1511732268568284,31.499443220472095,500.0
370,371,-35.54380200294376,3.157073196951729,42.9628232113289,500.0
371,372,-35.57162779935837,3.1613554512034994,-194.06225006994816,436.0
372,373,-35.60027094036518,3.1696397251572326,4.287422563025107,500.0
373,374,-35.627719084133574,3.1795296151511936,-128.983633803641,401.0
374,375,-35.65450947878715,3.188250489865218,-91.32603679417268,447.0
375,376,-35.68091782938828,3.2009752893025385,55.91643068803181,500.0
376,377,-35.707641544792345,3.2111820846165733,7.486723396845678,500.0
377,378,-35.73542083002981,3.2215176121362625,31.730416285035204,500.0
378,379,-35.764787707681855,3.2250444190779834,28.18988046637783,500.0
379,380,-35.79422304413008,3.23457825109894,-61.99527730420846,374.0
380,381,-35.823846920444936,3.247831433969719,-57.98729565370519,386.3333333333333
381,382,-35.85332801514557,3.2561361340422628,17.28755818663605,500.0
382,383,-35.882219308864975,3.259302449187697,53.495973103044335,500.0
383,384,-35.91222674870787,3.262038487371995,-7.172461066008608,500.0
384,385,-35.9418006173331,3.261462146071933,62.294328774231985,500.0
385,386,-35.971412836102424,3.261928300858022,38.350171718924436,500.0
386,387,-36.000463393598615,3.2597410810532566,43.136987378076206,500.0
387,388,-36.0281551441063,3.2576344717177528,25.536125189823277,500.0
388,389,-36.05362559818764,3.2552667304870146,43.71373884944587,500.0
389,390,-36.0789081694702,3.253901504674391,82.51023391732099,500.0
390,391,-36.1041159172487,3.2500127864362094,-86.68056296798721,409.0
391,392,-36.12811098752117,3.2461345271428206,48.44698331887395,500.0
392,393,-36.150556467344174,3.24122027596559,31.82376437163267,500.0
393,394,-36.17225678537078,3.2358820995668403,38.49287504054644,500.0
394,395,-36.19431899939392,3.2308127520386622,12.341300934677903,500.0
395,396,-36.21862799379648,3.2288896973917667,-36.13354728915619,448.3333333333333
396,397,-36.24359380458952,3.2328767669344245,-147.03108030924727,344.0
397,398,-36.26879835108976,3.23579199975075,-39.17248750800582,500.0
398,399,-36.29403440673085,3.24671548810968,-60.42548549907802,466.0
399,400,-36.31702248760486,3.25190538474428,106.8577807180486,437.0
400,401,-36.33727731238542,3.254071228506675,11.595208586460746,500.0
401,402,-36.356451123669835,3.2585125559612167,36.040976522581246,500.0
402,403,-36.37620779206371,3.2642188316468337,20.37728925471859,408.0
403,404,-36.39575343499843,3.2712276642521156,32.84268124924628,500.0
404,405,-36.41397856616109,3.274345102340424,-26.793451820080776,500.0
405,406,-36.43021096625043,3.277102804883496,14.21583308408475,500.0
406,407,-36.44506539097006,3.276477493233698,51.41690361406013,500.0
407,408,-36.46043931851853,3.275047577387598,0.6938857910487553,500.0
408,409,-36.47632524193674,3.2705147937357264,17.49680372200336,397.6666666666667
409,410,-36.493911591187874,3.2692123246950726,12.41183137035961,500.0
410,411,-36.513576063125285,3.270419792062224,47.69612376191384,353.6666666666667
411,412,-36.5366823799299,3.2732343587463846,24.06492305411586,299.0
412,413,-36.56503087295407,3.2853606804811606,-37.15211566307021,154.77777777777777
413,414,-36.59827754642112,3.2977929574031717,10.041765857893482,154.83333333333334
414,415,-36.635406280256674,3.3087945492088706,28.142735752888058,298.5
415,416,-36.67632452033891,3.3175851239803382,-29.485104088030443,488.3333333333333
416,417,-36.71693026658007,3.327100371059695,54.989327366421264,500.0
417,418,-36.757762515115026,3.3384671817175686,54.54079293261283,500.0
418,419,-36.79919267625293,3.3478784418567713,-7.4411452793595245,472.0
419,420,-36.83927029801129,3.3612026425258836,106.7899378870734,298.3333333333333
420,421,-36.88056972585392,3.371916099409878,48.34855180290094,500.0
421,422,-36.92317597123357,3.3841436706916364,52.225830857305425,500.0
422,423,-36.96684083351374,3.3926647237412646,155.12785589543859,433.5
423,424,-37.01192372161815,3.400320422273457,200.50637746589612,357.6666666666667
424,425,-37.05723998850413,3.4095131258233593,-115.59145852987525,344.3333333333333
425,426,-37.101596173792984,3.4245782926105663,1.2999883990538423,500.0
426,427,-37.14598339173299,3.438190377029488,186.12982295401798,404.0
427,428,-37.19159609309056,3.454146346911158,43.317072288910865,500.0
428,429,-37.23794678215388,3.4638295576088534,-17.771303277771693,464.0
429,430,-37.28423558477641,3.4771066142072127,79.71555301734102,403.5
430,431,-37.330027047606045,3.495047805567084,-80.29789544667398,375.6666666666667
431,432,-37.37403530409992,3.516995137047773,128.00445883470942,413.0
432,433,-37.416083761879996,3.5322669409650262,42.815040116220466,367.0
433,434,-37.456851644300016,3.543809233331369,93.57452297929063,369.6666666666667
434,435,-37.49704282084245,3.5627296454311983,177.87801585418026,498.5
435,436,-37.53682687259354,3.5796875133555153,12.305043510812252,365.5
436,437,-37.57643342545435,3.598375805416893,84.58760285560784,500.0
437,438,-37.61513333304368,3.611036463672958,108.09822587174945,494.5
438,439,-37.65412256135709,3.6240175621019906,183.47932696385973,427.0
439,440,-37.69195500588284,3.6382656960585513,74.27861462120276,500.0
440,441,-37.72946802913566,3.6430844126461093,230.16743444307713,422.0
441,442,-37.76861552464479,3.6487884100204133,83.10537552647742,456.0
442,443,-37.808014048893824,3.6512257796717162,130.88486888917907,437.0
443,444,-37.846102496122484,3.65117132034564,165.6740771151771,483.0
444,445,-37.88266408484592,3.6498288929253335,185.57275301737658,359.0
445,446,-37.91978203392702,3.6463582169407056,199.30443019301515,388.0
446,447,-37.956438761248265,3.642784057583595,205.98331525013282,481.5
447,448,-37.992727769458135,3.6403986998742646,105.66331907882027,394.3333333333333
448,449,-38.02856976235751,3.6379046058253905,125.70000317016763,352.3333333333333
449,450,-38.0653160711045,3.636709462747959,60.41944084315479,500.0
450,451,-38.1013986403553,3.63475172451498,247.32531204808265,336.5
451,452,-38.136141777508726,3.63506099513167,73.07899046710669,326.3333333333333
452,453,-38.171113504271254,3.6403420733295233,108.96147238076833,307.75
453,454,-38.204767364154044,3.6459991300926884,43.82961880572742,500.0
454,455,-38.238578930732,3.6504470876228496,119.88698495478368,417.5
455,456,-38.2715292831864,3.653413897119451,62.68530210067338,500.0
456,457,-38.30519128441631,3.6583166770765385,138.15018041063175,314.0
457,458,-38.34110572818018,3.669918979763866,89.55776493556986,309.6666666666667
458,459,-38.37796058685174,3.6788687482014484,63.93614605042224,500.0
459,460,-38.41387312201527,3.6856676374663446,78.03216858175942,500.0
460,461,-38.449691022120646,3.6896423874384023,87.98663696101565,500.0
461,462,-38.48526286468576,3.695251292777332,39.185823041585024,500.0
462,463,-38.519846098602464,3.698449910916355,128.69505676471195,406.0
463,464,-38.55443629281462,3.6995539690735133,73.7789930970573,500.0
464,465,-38.58845875923868,3.6996793946013806,11.042582473136576,380.0
465,466,-38.622010788781644,3.7018304648877973,39.180276279674324,500.0
466,467,-38.654499908834346,3.7007961766950483,209.6382250617367,437.5
467,468,-38.6858519374642,3.6988693621119473,180.35788425094182,314.75
468,469,-38.71713086431768,3.702961898965349,129.44226324246853,500.0
469,470,-38.74778398061223,3.702790192253083,139.70204233264138,304.5
470,471,-38.778885655759325,3.706959328844819,83.09761837019146,500.0
471,472,-38.809147108014706,3.709465870798146,61.43159300146602,500.0
472,473,-38.838168722784594,3.7099431701341032,87.25526520792108,399.3333333333333
473,474,-38.86737027115033,3.7118883287962965,226.6491018470456,379.0
474,475,-38.896144702092776,3.7135038333065453,155.61153116084245,395.6666666666667
475,476,-38.92531018182039,3.719291177529384,195.70169667093856,369.6666666666667
476,477,-38.95594387307836,3.72086610577606,218.96358478333363,387.6666666666667
477,478,-38.987150875730414,3.7272536279850086,90.09752433752459,325.0
478,479,-39.020345114276076,3.7335507558720433,248.2046000314507,343.0
479,480,-39.05475549042994,3.7396676000476434,126.07905031060899,439.0
480,481,-39.08942039630163,3.745747144006409,276.8807097446666,276.3333333333333
481,482,-39.12550133676259,3.7513007205288327,215.0819947799314,358.0
482,483,-39.163044096425836,3.7576411149949136,194.46799847802706,228.33333333333334
483,484,-39.201118648270665,3.7629545337239954,179.47094981640748,467.6666666666667
484,485,-39.23988152833564,3.768479322344735,116.06249869030557,343.0
485,486,-39.27906207321077,3.773100547603558,-4.476035942712812,500.0
486,487,-39.31907123149185,3.7774401929559276,226.83369226822595,462.5
487,488,-39.36054611980027,3.7823948997846366,48.283339631950376,500.0
488,489,-39.40164191075766,3.7855889543203047,-82.51332703054419,440.5
489,490,-39.443434106967864,3.787538257456105,31.468790843611558,500.0
490,491,-39.48608127587988,3.7869617966460076,152.47028226199308,454.5
491,492,-39.52884358481805,3.787143559482116,69.43634574509052,375.3333333333333
492,493,-39.57027015424422,3.7872509010653057,96.68002725096143,500.0
493,494,-39.61113786444275,3.7864106749957154,112.34549812113931,500.0
494,495,-39.652217664150164,3.792769068434532,-194.12003725358375,225.33333333333334
495,496,-39.69365382769101,3.8005129635790373,-88.65779425949928,373.25
496,497,-39.736630177148584,3.8181344990136274,-29.88226512878358,500.0
497,498,-39.78067426818207,3.8352495066257544,-97.75098979858001,402.0
498,499,-39.82643745496118,3.8557874388828925,51.32440650118998,382.5
499,500,-39.8719217763506,3.871539577204896,36.91108278278462,500.0
500,501,-39.91710565428151,3.8892993834979523,12.603294521514943,500.0
501,502,-39.961526321737665,3.9078488453526927,110.43290238897177,500.0
502,503,-40.00560748241839,3.922458272900381,39.96951530265021,500.0
503,504,-40.05002072226359,3.9448291173150944,57.28227647193711,500.0
504,505,-40.09329862698589,3.9547476683651044,84.9343527412954,500.0
505,506,-40.13462368350556,3.9600596073057033,81.5632302969356,500.0
506,507,-40.17313336672187,3.9617143369612364,30.623025766734585,451.0
507,508,-40.209864784356476,3.9679246994434956,-13.111995261915148,479.0
508,509,-40.24453178160799,3.970481074857699,71.13343507123972,500.0
509,510,-40.27748245095577,3.978794049794102,13.932911887620115,371.3333333333333
510,511,-40.30861679044301,3.9838004046827895,34.62925516790388,500.0
511,512,-40.338646340156934,3.993302144428206,-83.18557499202296,494.0
512,513,-40.36730486406971,3.997496825303474,54.61067407551255,390.5
513,514,-40.394358452506445,4.011567807978913,33.89723381650529,500.0
514,515,-40.42131493377006,4.034785364740901,-83.73504453902306,292.25
515,516,-40.4491730126426,4.050835675796524,39.56604006855253,500.0
516,517,-40.47763842787547,4.07930953331868,-165.84387669467384,167.75
517,518,-40.505780096158006,4.1005221235740805,-24.175610401101697,415.0
518,519,-40.534391327153834,4.122946109090981,20.759396424521096,500.0
519,520,-40.56317461884548,4.145354438043547,29.180875798494657,500.0
520,521,-40.591548314152384,4.159392106362638,24.89058704393363,500.0
521,522,-40.62001244793989,4.179639673287466,-33.21357804993454,392.5
522,523,-40.64784382010189,4.189903881313095,-167.52988132708074,404.6666666666667
523,524,-40.67421721834642,4.199408640607603,-56.048057157462665,470.5
524,525,-40.69862061681372,4.2117271947769375,68.99112063597205,500.0
525,526,-40.72101834427741,4.2189276098327975,48.36206829963179,500.0
526,527,-40.74356430361197,4.22088682739321,34.768087018533066,500.0
527,528,-40.765982542679915,4.224198750622669,58.579849787120665,500.0
528,529,-40.787998802554135,4.224569937486664,53.919612196291304,500.0
529,530,-40.808874886410614,4.225981397752821,37.427817063451535,500.0
530,531,-40.82846964196752,4.225828056074268,64.0259222074882,500.0
531,532,-40.84761529656452,4.225997176826011,15.716941477254437,500.0
532,533,-40.866420113642306,4.221098990021746,1.3566104188561283,500.0
533,534,-40.88439454332309,4.215546155934751,46.2141703178948,500.0
534,535,-40.901703273822385,4.208707685103351,73.43233244378709,500.0
535,536,-40.91867929286055,4.208544946791162,-3.0366276367847185,476.5
536,537,-40.934075170353175,4.205170927032063,-21.166400341286018,500.0
537,538,-40.94695652291698,4.201238936650778,37.6106944334049,500.0
538,539,-40.95708765530274,4.1988158821440456,28.917296584167318,500.0
539,540,-40.96476276099172,4.196851467987818,-13.884040455566161,399.5
540,541,-40.9698464702146,4.192864732435823,22.479973088068874,500.0
541,542,-40.9739572801113,4.1903075533667575,40.4904247586341,500.0
542,543,-40.97801347896101,4.186412148357538,34.22088504472441,500.0
543,544,-40.982633342140055,4.19049613467135,-22.455769241228325,425.3333333333333
544,545,-40.98805112800799,4.193557808073079,-36.595589611687494,363.3333333333333
545,546,-40.99440503535829,4.204489027560775,-35.72706652276221,349.5
546,547,-41.00200617609189,4.2141597574115295,-54.53231634455376,327.25
547,548,-41.01058755428088,4.227339482105841,-54.988860673000836,361.0
548,549,-41.019429398498296,4.240797096171307,16.103513388926597,381.0
549,550,-41.028221634102806,4.253361140485936,38.0948722948857,399.0
550,551,-41.03736586969123,4.269246578352262,-22.88416013150932,485.5
551,552,-41.04696436383259,4.285496411057204,-148.534188113637,207.0
552,553,-41.055603465441585,4.303686188131144,-23.470642070331092,372.6666666666667
553,554,-41.06312804124487,4.316685220741778,45.78782064053617,500.0
554,555,-41.06901489041522,4.328488863343092,23.591209343385806,500.0
555,556,-41.073555071924474,4.336477843140213,-21.889347160294392,383.6666666666667
556,557,-41.07695766157717,4.3435273615274825,10.670144002811993,500.0
557,558,-41.07882398329953,4.348247751408762,-25.67101093583683,440.5
558,559,-41.08108158819811,4.349373599935385,71.42077018197963,500.0
559,560,-41.083063565143895,4.348359954588539,-6.015999036768754,500.0
560,561,-41.08609024119776,4.346130455985931,48.38018960281448,500.0
561,562,-41.09222003060261,4.343327465426433,24.644571797905655,500.0
562,563,-41.101580307238876,4.3377695332415005,-1.1167624413909993,500.0
563,564,-41.11057201295643,4.335265447005132,70.18109720875434,500.0
564,565,-41.119840253429444,4.332891452519908,75.64212549180883,500.0
565,566,-41.12912745232159,4.329679370841748,27.91234050090197,500.0
566,567,-41.13780904297364,4.324257415714145,33.38193711912855,500.0
567,568,-41.14599069154046,4.318578443527506,26.839738656790956,500.0
568,569,-41.15267839324363,4.312670298234195,60.44710091854764,500.0
569,570,-41.15982779123467,4.3064837955184325,18.76387070130356,500.0
570,571,-41.16615181776539,4.300709394150753,25.151499391381083,291.25
571,572,-41.17194683335757,4.296594578900845,36.175147830400384,375.5
572,573,-41.176914620481405,4.2930658190932,-34.4294570034882,358.6666666666667
573,574,-41.18087037651625,4.289988301168494,34.19699150725121,473.0
574,575,-41.184567586085926,4.28683592100548,70.94758485592808,500.0
575,576,-41.18807069545437,4.283925201042907,79.3245052554256,500.0
576,577,-41.191516596066194,4.280233850536977,71.38600040818748,500.0
577,578,-41.19436812435584,4.276594289171634,58.97891794598711,500.0
578,579,-41.197050417564064,4.2731508268227065,-7.187510158344734,500.0
579,580,-41.1998458396858,4.2691640922914,56.24608409520548,500.0
580,581,-41.202812692805225,4.265226032660954,32.1407885100355,382.6666666666667
581,582,-41.206380620858496,4.2612657748281295,100.16627719181531,500.0
582,583,-41.21083155559255,4.259134681666123,-8.797256355204762,476.0
583,584,-41.216103767899405,4.256487650150782,72.10455557045259,500.0
584,585,-41.221282204376415,4.253184556869883,78.6819516766372,500.0
585,586,-41.226304914373316,4.2502993368261395,87.18701311018049,500.0
586,587,-41.23114055810925,4.246839492000676,84.22920880180942,500.0
587,588,-41.23562906488738,4.242951974250106,101.86592310296793,500.0
588,589,-41.23978675227642,4.239599479399734,106.35005048425408,500.0
589,590,-41.24364044342679,4.236285996377621,76.06535314782403,500.0
590,591,-41.247555508100774,4.232400970147707,63.27042649132079,500.0
591,592,-41.25113282315847,4.22906105464353,69.98366633155219,500.0
592,593,-41.25413581670224,4.224620156648092,118.5716053831269,500.0
593,594,-41.256622728743956,4.219564119806098,85.34479680420793,500.0
594,595,-41.2589964090218,4.214792404597582,127.7850599553628,500.0
595,596,-41.26166816969534,4.209911871542506,112.18550263723898,500.0
596,597,-41.2640532501559,4.20454182677285,189.14376561300725,475.0
597,598,-41.265949006693,4.199322707140456,161.21041620037448,407.0
598,599,-41.267176491933114,4.194125863345492,128.95508769532285,500.0
599,600,-41.267478225961376,4.188785048891338,176.2807660936613,446.6666666666667
600,601,-41.26743017905798,4.1839114848879335,249.2677748015726,383.5
601,602,-41.266735126692666,4.179276395107754,149.6425773203182,488.5
602,603,-41.26544945414461,4.1751438154500295,126.86527417907567,500.0
603,604,-41.26311057091952,4.17032911699594,146.22046511135102,500.0
604,605,-41.260200508228735,4.165132835484921,186.40628202883397,450.0
605,606,-41.25668580880463,4.160720167407123,131.20775072416225,500.0
606,607,-41.25168563043062,4.155716712125333,119.76847571964834,500.0
607,608,-41.24583726146129,4.151134413085287,111.6886995194566,500.0
608,609,-41.23932096337949,4.14616024739861,142.5759579177067,464.0
609,610,-41.233211885485375,4.1417117836755715,202.20702055493962,440.5
610,611,-41.226990889554166,4.137030738203967,97.5499383590496,500.0
611,612,-41.22022795208049,4.131794636456258,143.2329031120954,458.0
612,613,-41.21303799272011,4.1268868219939945,229.20949710685596,474.0
613,614,-41.20570438929327,4.122476773803686,189.71899852713122,441.5
614,615,-41.19865974981162,4.119817533492155,174.54928316353218,473.0
615,616,-41.19297562993575,4.116664186458627,215.3646113614808,349.6666666666667
616,617,-41.18973960054221,4.114350616954289,86.963796634219,475.5
617,618,-41.187796223048046,4.1124339836826085,116.57413835793892,500.0
618,619,-41.18638679897367,4.110839048779967,-30.77383238705489,341.6666666666667
619,620,-41.18497172910006,4.114617672717452,7.392255799052781,255.66666666666666
620,621,-41.18348777332328,4.11722582575068,28.763971176749845,500.0
621,622,-41.1823869711124,4.121585869273894,15.638470204606497,360.0
622,623,-41.18200482726655,4.126476447552497,78.35357116587711,342.3333333333333
623,624,-41.182484181596905,4.131921870564018,45.945297131562405,500.0
624,625,-41.18336146918465,4.1362000750806,14.938716400530017,370.6666666666667
625,626,-41.18427645766074,4.142521410752369,39.22811213176579,500.0
626,627,-41.18472154632992,4.145876752650234,102.85242259947213,500.0
627,628,-41.1856843270926,4.14715882010625,4.79220280748115,500.0
628,629,-41.187772357320696,4.151319289201671,66.4985043516272,500.0
629,630,-41.19030657443446,4.14922906198505,64.64277887981973,500.0
630,631,-41.19326117124306,4.1458017045484805,38.90529852924373,500.0
631,632,-41.196282371761214,4.141746947173393,47.482551403244756,500.0
632,633,-41.198738742738044,4.137454396573161,146.02456189461122,382.0
633,634,-41.20018685035425,4.132105874752348,38.43588273493508,500.0
634,635,-41.199621072525694,4.126767801088451,47.93920176008481,500.0
635,636,-41.197796184378404,4.121288301929136,58.46918643124065,500.0
636,637,-41.19485030666109,4.115587695754583,59.8223602931359,500.0
637,638,-41.190857244219906,4.109979864487914,59.66431354246647,500.0
638,639,-41.18567104413284,4.104323346920731,82.13307675991153,500.0
639,640,-41.17996629553802,4.0987394817867875,131.3669178702025,500.0
640,641,-41.1737813604357,4.093095498301547,64.48342418570685,500.0
641,642,-41.166591931382264,4.087517930251696,44.200131866356784,500.0
642,643,-41.15861402705977,4.081830956787513,123.24741751400776,405.0
643,644,-41.14963288331297,4.076143721669911,27.376650928509896,500.0
644,645,-41.1400796164183,4.070430253169432,57.634585515752875,500.0
645,646,-41.129922833522144,4.064736748779739,55.80062436436842,500.0
646,647,-41.11951158159855,4.059052618902549,52.23344821111672,500.0
647,648,-41.109498181999804,4.053525580057238,60.607474954452556,500.0
648,649,-41.09984870252601,4.048217440474474,127.16456381169083,391.0
649,650,-41.090095001941826,4.043140540215742,34.0664603391222,500.0
650,651,-41.08003759894407,4.038372531444782,90.96215582645716,500.0
651,652,-41.07074326224193,4.0342057383587635,25.958846898847696,337.3333333333333
652,653,-41.06144773047942,4.0331990273827705,8.172717649769632,328.6666666666667
653,654,-41.05279548126259,4.03453669957337,142.14547858328527,274.0
654,655,-41.044877752849075,4.036833359459506,7.109299714784996,359.3333333333333
655,656,-41.03774736206483,4.038403986082462,8.426823422733735,441.6666666666667
656,657,-41.03018478740038,4.039378315213622,36.16522828517116,500.0
657,658,-41.02226789911108,4.0401572783698585,12.18972181551067,500.0
658,659,-41.01440880143786,4.039680869558335,56.94555901080993,500.0
659,660,-41.00627277810981,4.038762213822533,21.460518757001736,500.0
660,661,-40.99787527841588,4.039671772429292,151.24020633416282,471.0
661,662,-40.98899966440985,4.040202532536138,-100.25608352151107,335.0
662,663,-40.980084898174404,4.043142142865291,11.547668562203945,411.6666666666667
663,664,-40.97134326749192,4.044166881773531,67.42291897876406,500.0
664,665,-40.962255136019834,4.042782768784058,33.41053499911705,500.0
665,666,-40.95253014874385,4.040980451880329,43.94257543612822,500.0
666,667,-40.9423424865043,4.040727679325469,55.609064922057684,500.0
667,668,-40.93264154482236,4.039963707667597,51.79087756645142,392.0
668,669,-40.92306493838838,4.039039726560825,59.23743528420354,500.0
669,670,-40.91333739670344,4.037608664538684,78.42580966658011,500.0
670,671,-40.9038299281555,4.0363933568144095,57.121756523216966,500.0
671,672,-40.8936812015055,4.033003989984421,51.27790904538226,500.0
672,673,-40.882468840758484,4.0287584300017105,47.750224400105715,500.0
673,674,-40.87180621978474,4.024647816928954,101.34620435877103,428.0
674,675,-40.86178332101151,4.020440291897487,73.41752218681421,500.0
675,676,-40.852487270587126,4.016961224801839,49.149522845522,500.0
676,677,-40.843888270987755,4.013363328402422,34.2882602412063,500.0
677,678,-40.83529203000109,4.009138947355033,120.60382623389025,467.0
678,679,-40.828308640550006,4.004733190784547,35.494794649820975,500.0
679,680,-40.82319497362586,4.001658735806622,47.155649112610945,377.0
680,681,-40.81937920234979,3.9989721635608317,40.95139550876773,500.0
681,682,-40.8171695280892,3.9973461962129515,142.6733835978748,354.0
682,683,-40.81554078706889,3.997936285081902,68.51245195310022,500.0
683,684,-40.81403393402286,3.9987570321551464,11.637853005624862,425.5
684,685,-40.812886278241336,3.999553575159111,61.11886576657224,500.0
685,686,-40.81205433260749,4.000329231875933,-14.064619048410583,403.6666666666667
686,687,-40.811747760727854,4.004239324282003,-70.09650260465499,323.6666666666667
687,688,-40.81180312441271,4.01054110141572,-15.80479442529731,500.0
688,689,-40.81122260822493,4.016678740438389,-83.48837804625936,428.5
689,690,-40.810193737362965,4.02433880725646,-149.04772556532674,456.0
690,691,-40.808578241451286,4.027879319556095,-0.08823168489428657,500.0
691,692,-40.80586333192493,4.031312410715302,98.59145689943591,475.0
692,693,-40.802461473765035,4.036210493777695,-62.28487083671704,352.0
693,694,-40.79865041212841,4.040084127722997,66.18814906612708,500.0
694,695,-40.794436360663894,4.041499677633145,41.74502639487136,500.0
695,696,-40.78975216262068,4.0435373927072655,47.07711749794632,500.0
696,697,-40.784547617100756,4.042936923058999,35.62503454205868,500.0
697,698,-40.77845453559204,4.042783072018705,31.80298350089606,500.0
698,699,-40.77130121211231,4.0417258652458345,16.023821569844323,500.0
699,700,-40.76363498534029,4.038643272355877,39.440513986729215,500.0
700,701,-40.75512860500872,4.0355351969373014,64.38274937609299,500.0
701,702,-40.74612335711945,4.032231027301313,64.77722810023094,500.0
702,703,-40.736666291296565,4.027734797713618,52.57413047035267,500.0
703,704,-40.72706566285766,4.022886718908177,33.83198762470721,500.0
704,705,-40.71818475655119,4.0183886481137865,29.94091700622417,348.0
705,706,-40.70959404489874,4.014975794795574,-63.20776661509643,402.3333333333333
706,707,-40.70121862388824,4.013862828465431,-32.92012789535997,344.0
707,708,-40.69267062758635,4.013465951161877,14.666522023620622,500.0
708,709,-40.68413658535943,4.011744069831726,49.167380090333616,500.0
709,710,-40.67550621669637,4.009454056239797,-3.2025929561686937,500.0
710,711,-40.66785775338581,4.006634810010938,-3.604355229183671,500.0
711,712,-40.66087438960007,4.0036132874601424,1.2365936315969996,500.0
712,713,-40.65439692367802,4.001117645652676,51.42362340571873,500.0
713,714,-40.64831896775172,3.9996260645968427,-58.079205317443346,361.6666666666667
714,715,-40.64258845211096,4.001826903221817,39.944284929594524,233.5
715,716,-40.63810559000447,4.0043979151343265,42.55308201508643,500.0
716,717,-40.634906390243316,4.006523277188413,152.66625890005966,419.3333333333333
717,718,-40.632406294122184,4.008396210975894,-129.09164092699766,354.0
718,719,-40.63026414140305,4.008956488586403,51.27283546255428,500.0
719,720,-40.62869026314803,4.009350304508043,68.55154928125299,500.0
720,721,-40.62711891309147,4.008321938093434,47.192579990124514,500.0
721,722,-40.62538269626435,4.007802375068029,46.69966972843634,500.0
722,723,-40.622984996843655,4.006364535701853,43.83042186256816,500.0
723,724,-40.620711023528465,4.005135666354337,37.106719181889275,500.0
724,725,-40.61859362860192,4.002631690520761,53.28191610695515,500.0
725,726,-40.61641668615872,3.9988713787246906,12.929911740332493,500.0
726,727,-40.61394287038065,3.9946840010761853,39.80491891554709,500.0
727,728,-40.61213324587157,3.9901813086512474,17.03034388384588,500.0
728,729,-40.611405880347895,3.985575620299044,13.855298225269575,500.0
729,730,-40.61157451042199,3.9810993768425047,-20.768309513961402,500.0
730,731,-40.61232606806029,3.9768051779343607,-11.178560344879168,500.0
731,732,-40.613598556329045,3.97265499015337,0.9606760393961782,500.0
732,733,-40.6158476837814,3.969138987791187,-70.88324653417145,476.5
733,734,-40.61895935713434,3.967267804407617,-48.355672585695814,499.5
734,735,-40.62276583677435,3.9653898460743116,59.47248581271139,500.0
735,736,-40.626800828902496,3.963327659254807,68.44218082951302,500.0
736,737,-40.63076211492748,3.960671377803311,51.86143231298108,500.0
737,738,-40.634630581611646,3.9580971317629183,42.29951787580018,500.0
738,739,-40.63798501457475,3.957111866323014,59.324300019124294,500.0
739,740,-40.640418361588374,3.9541940784183,-41.41772078708837,500.0
740,741,-40.64228402866098,3.9518794745088215,-24.679608823900296,466.0
741,742,-40.643331401841344,3.9495948237068963,31.680848821977797,500.0
742,743,-40.643102383763626,3.9476426743274935,-46.31382444295393,490.5
743,744,-40.64173678964476,3.9465016459176656,85.58364700148078,500.0
744,745,-40.63946531708156,3.945260778374275,16.84285074226203,500.0
745,746,-40.6362096420487,3.9453166848310715,-25.266733172027347,500.0
746,747,-40.632126790165756,3.9435391317272255,6.697381780170427,500.0
747,748,-40.62720583742075,3.9416316074677087,-4.289470030220578,500.0
748,749,-40.621475580558084,3.93868079910979,-16.07378387523262,500.0
749,750,-40.61512171563623,3.9378146222470627,28.163448144210555,500.0
750,751,-40.60817041336102,3.9344598717453305,-29.553987528575497,500.0
751,752,-40.60039286974786,3.9310288904200923,-72.61366630418689,500.0
752,753,-40.59172103488311,3.9275603475923697,82.68103053237925,500.0
753,754,-40.58323643840868,3.9244201569857675,50.55683400483452,373.0
754,755,-40.57520881012699,3.9206905704410056,41.801403306126716,500.0
755,756,-40.56842226916299,3.917124787285267,70.43073110798113,500.0
756,757,-40.56304474991761,3.9133871716011837,-0.23961850775982807,500.0
757,758,-40.559218207193446,3.9099207140051333,188.8689148112941,479.0
758,759,-40.556430581128744,3.9067495259342992,106.19048419031989,500.0
759,760,-40.55430961144858,3.904090314616801,5.156250919350782,397.6666666666667
760,761,-40.55233362486706,3.90287538915316,100.50782786193787,500.0
761,762,-40.550683248473455,3.901548041051805,157.8060023693214,500.0
762,763,-40.54954480096429,3.900022544108803,74.88649060638346,500.0
763,764,-40.54878795527004,3.8985819729469067,119.13579798812246,500.0
764,765,-40.54896383665662,3.8969230672556483,-7.699777586356466,341.6666666666667
765,766,-40.54966291530053,3.8982126272594835,108.37688814485836,500.0
766,767,-40.550383551208334,3.8999194834002844,-20.191362448217433,318.0
767,768,-40.551045830417195,3.9020159534065386,52.88079839123145,322.6666666666667
768,769,-40.551974233596205,3.9071889699863642,147.95680127761472,500.0
769,770,-40.55262121655168,3.9109747780895847,6.388959317595933,379.3333333333333
770,771,-40.55292520210927,3.9123528899752844,141.09338236519088,488.0
771,772,-40.553319231498094,3.912950368076097,77.05364438454542,399.0
772,773,-40.55468606841544,3.915265262247362,11.18260810137345,500.0
773,774,-40.558363139453974,3.917113161310918,123.10829614101013,466.0
774,775,-40.5625664292044,3.918062497973895,179.8397745590787,378.6666666666667
775,776,-40.56642868865,3.917294613743896,26.759093336135383,500.0
776,777,-40.57069666040428,3.916644643840945,190.62810512343572,418.0
777,778,-40.57482783796998,3.9154146514944186,31.687740562591685,500.0
778,779,-40.57833109472483,3.9146575117867894,-60.848230326952084,405.0
779,780,-40.58210574191678,3.9137298063441923,203.26107143423505,443.3333333333333
780,781,-40.586595469615816,3.9111664477981263,166.1255671409373,399.5
781,782,-40.59140546845662,3.9092098678106706,127.52982973963243,428.0
782,783,-40.596428260989256,3.9062056816823247,132.69181798149128,486.5
783,784,-40.6013534623948,3.9032445089125942,175.99326885095215,488.5
784,785,-40.606061659015126,3.900653180867063,166.59837915470675,433.5
785,786,-40.61195034733832,3.898430230665835,70.48490343132661,500.0
786,787,-40.61812767541577,3.8961748013578315,159.53730925041341,433.0
787,788,-40.62505205564552,3.8936273542965067,99.97409989487171,500.0
788,789,-40.6330309153878,3.8909168449930456,54.06129279247544,500.0
789,790,-40.64134354280844,3.8881003883351113,191.2042510048918,444.6666666666667
790,791,-40.649227683211386,3.885041189389054,163.89852866621618,436.0
791,792,-40.657046894071726,3.8818988059687047,170.62055721004054,450.5
792,793,-40.664800318327025,3.8787385894838255,242.43098505952972,367.0
793,794,-40.67208667103711,3.8757473576933803,152.22119678756226,480.5
794,795,-40.679031224286994,3.8724365912553442,181.7813375300422,378.5
795,796,-40.685429290942,3.8690804981008586,182.09314894988546,484.0
796,797,-40.691521178938686,3.8658801398523304,196.17919629178536,456.0
797,798,-40.69722503988936,3.863558317339697,92.83733510084085,380.5
798,799,-40.702046587573726,3.863702482789834,139.51092250707345,427.0
799,800,-40.7060170591559,3.862103708138788,138.59057847494802,386.0
800,801,-40.709847570569686,3.8600210916574316,149.44924397151533,430.3333333333333
801,802,-40.713977552396486,3.858188760679421,170.21260825404704,247.66666666666666
802,803,-40.71802672108978,3.8605479968089007,188.19789863309825,311.6666666666667
803,804,-40.722456680942194,3.8611326491376796,50.52489558692175,416.5
804,805,-40.72762692880694,3.862867873278498,106.8227445074018,348.3333333333333
805,806,-40.73437962442071,3.868181919554735,-24.55961369131269,426.0
806,807,-40.741884372990114,3.8710990119146764,35.29548722735609,500.0
807,808,-40.74950695320581,3.8740033200692885,151.07234118629455,354.5
808,809,-40.757348454624754,3.8757345338252,79.81523336199325,500.0
809,810,-40.76493956564506,3.8761195713010834,24.057549574992763,500.0
810,811,-40.77237803857372,3.8774280095680336,-51.43739713125506,489.5
811,812,-40.77951208763327,3.8778422829513675,85.35472593511346,500.0
812,813,-40.78684865937085,3.878098255868234,124.4507958045545,482.0
813,814,-40.794152995335175,3.878613662419365,27.369873220309614,367.5
814,815,-40.80141349969735,3.881324806046878,70.60696249218701,500.0
815,816,-40.807937691376736,3.882807283953747,63.060756626484675,500.0
816,817,-40.813962789632455,3.8823058800206214,84.46555350997099,500.0
817,818,-40.819429514988535,3.881484373404022,70.76174675326621,500.0
818,819,-40.82428042350216,3.8789165698336547,101.49434416451429,500.0
819,820,-40.82829791014365,3.8775049869281033,91.53070852899404,500.0
820,821,-40.83144217834861,3.875270638399263,48.55807385402167,500.0
821,822,-40.834019922744965,3.8726069859250876,80.07016882747746,423.6666666666667
822,823,-40.83583039252397,3.87094619147526,123.04003698199155,311.6666666666667
823,824,-40.83690658465293,3.8683900906789854,48.41058626696376,500.0
824,825,-40.838118598289554,3.8676253694020883,47.915927833311876,308.3333333333333
825,826,-40.83919158954705,3.8663527032630336,153.41702859582924,463.5
826,827,-40.840968579140046,3.865541029578596,261.41749439782683,365.0
827,828,-40.844124735339044,3.8641907005461813,136.0626980860968,417.5
828,829,-40.84863148942816,3.8631925515714047,55.44633897954434,500.0
829,830,-40.85358253392004,3.8612999486635657,193.83946666097,437.0
830,831,-40.858454342126656,3.8600907504882835,140.2118401714516,500.0
831,832,-40.86302677512018,3.8585498942003036,135.05204307578907,463.6666666666667
832,833,-40.8673649223774,3.8567983739152876,57.14479932557286,500.0
833,834,-40.87140447914854,3.8544426414162607,177.76224672428302,408.0
834,835,-40.874609711235074,3.8518779769227094,62.90181524891901,500.0
835,836,-40.8777552459362,3.8491482818040805,233.630482793791,401.6666666666667
836,837,-40.88079172860577,3.8467084115874757,267.567146093409,378.5
837,838,-40.88373358629714,3.844465523899884,208.20888692106968,490.0
838,839,-40.886730608573835,3.842032128538764,121.99090804871915,450.5
839,840,-40.89018179784389,3.839597402714426,57.26300504270262,500.0
840,841,-40.89414112072234,3.8369564782837036,204.6308371311483,499.5
841,842,-40.89859785564452,3.834017268185114,184.07249861396002,455.0
842,843,-40.90385758104181,3.831301813795944,142.97481010927595,500.0
843,844,-40.90961296201023,3.8285546171894724,155.71865173416197,456.6666666666667
844,845,-40.91578155976488,3.8257380720412106,87.8134494311161,500.0
845,846,-40.92188264835261,3.822832915245069,211.801430243117,351.0
846,847,-40.927914221045015,3.8200916085944856,45.0906667053034,500.0
847,848,-40.93339850733164,3.8170793362140767,39.31582883991819,500.0
848,849,-40.9389942011304,3.8139316897285704,135.28298595081367,464.0
849,850,-40.94378527178022,3.8106504957914686,46.206773408191125,500.0
850,851,-40.94745807540551,3.8075662650361974,154.60548487733178,423.0
851,852,-40.951120751480815,3.8042660038180487,209.6239495503447,423.6666666666667
852,853,-40.95476853390204,3.8011691131403262,198.80600325844938,465.5
853,854,-40.95834642633139,3.7980069530074654,153.9824156127268,456.0
854,855,-40.961595419529225,3.7953156291730026,183.92001205240368,410.0
855,856,-40.96401751171909,3.792154533629299,199.34157672864652,436.0
856,857,-40.96619958140888,3.7892502233424445,182.64572291810993,410.0
857,858,-40.96835213077343,3.7862578231940995,108.92432839628896,500.0
858,859,-40.97003460196486,3.7833702656282937,191.36690912694286,439.5
859,860,-40.97255832841509,3.7805683253404756,188.52207652941377,430.3333333333333
860,861,-40.97552257867785,3.7778818212071497,200.5666306610851,344.6666666666667
861,862,-40.97842134102007,3.775797839246708,231.29774871650457,363.0
862,863,-40.981611118048185,3.7741155390728935,32.487686726091056,318.0
863,864,-40.9851237733827,3.7770736458890894,138.90018493484274,400.0
864,865,-40.9882296027631,3.77834942050673,2.8881791715387433,500.0
865,866,-40.991074804341906,3.779883146357659,-6.68680971508639,390.3333333333333
866,867,-40.99401349609073,3.7811927103302674,151.10444916565956,405.5
867,868,-40.99767614997211,3.7836287304447134,161.12439187925253,391.5
868,869,-41.00217191503953,3.786937089694582,147.28492660064396,478.0
869,870,-41.006621372677834,3.787312969666087,266.62020049675345,381.0
870,871,-41.01145177713563,3.7873815184657857,247.59955774713367,365.6666666666667
871,872,-41.01676142265476,3.789894367309818,240.51732002554874,348.6666666666667
872,873,-41.022450532797436,3.794317164770639,207.56320537015216,419.5
873,874,-41.02897607085428,3.7936174123379156,117.12098528394618,426.0
874,875,-41.03660243307038,3.792443641258348,204.40320701827892,339.0
875,876,-41.04485710415752,3.791157622714773,164.49051336715794,402.3333333333333
876,877,-41.053043862283765,3.7889075055781514,133.3679104499916,421.0
877,878,-41.06070344763481,3.786873319721472,234.61797816266758,390.5
878,879,-41.06775668214627,3.784605779109985,197.51207998412585,458.3333333333333
879,880,-41.074359699903006,3.782348536656394,102.83059315285021,500.0
880,881,-41.080608663661856,3.77990729473378,240.1823921189439,362.0
881,882,-41.08650873051593,3.7775351995200244,242.84919234260963,379.0
882,883,-41.09206421211241,3.7753681981201903,228.4648379262782,335.0
883,884,-41.097425861393795,3.7735527221753924,154.02967669008189,500.0
884,885,-41.10233364714987,3.77205192611896,134.60119969835165,418.0
885,886,-41.10678743205716,3.77010478353188,120.8031846097703,500.0
886,887,-41.11049001844866,3.768235430381131,123.54144590720591,465.3333333333333
887,888,-41.113486457451565,3.7665925487697445,0.25620347194846005,500.0
888,889,-41.115705738844895,3.7649859764715594,108.77411113497323,455.5
889,890,-41.11746090578067,3.763378232247997,187.18035333547903,361.0
890,891,-41.11898107574221,3.761592774262946,260.25957718593315,295.0
891,892,-41.12018871803043,3.760017205129544,227.4167301476241,401.0
892,893,-41.12129954368282,3.7598021652837157,124.71999071990076,401.3333333333333
893,894,-41.12229574692412,3.7581915593490507,199.33031740073895,391.0
894,895,-41.123634483882455,3.7603541607423403,139.41174251828932,335.3333333333333
895,896,-41.12520367403695,3.763429247792265,239.96242885985112,305.0
896,897,-41.127282586438476,3.7664131848259115,129.30345867818613,311.0
897,898,-41.12984146862662,3.7699118901033732,34.832102513786516,329.3333333333333
898,899,-41.13255429354048,3.77374811425144,-113.26597706799944,500.0
899,900,-41.13533468507946,3.7779966919352614,231.45424216866869,328.5
900,901,-41.138207170959205,3.7811867989267824,98.76602316132465,500.0
901,902,-41.14119335014621,3.783358900980761,120.5496222508055,449.0
902,903,-41.14406009449181,3.78521583737192,54.01357800678947,500.0
903,904,-41.14648048760946,3.78604899661843,108.29224292307197,500.0
904,905,-41.148640877939904,3.788085671171253,47.00049398538063,500.0
905,906,-41.15003093144637,3.789191318403674,55.542337461609264,500.0
906,907,-41.15114046963544,3.788266831099448,94.06903776607388,500.0
907,908,-41.1514947168745,3.786096722864386,135.65218569415785,445.0
908,909,-41.15139902593232,3.7837460271316545,135.77022384372373,415.0
909,910,-41.150714782179506,3.7813049342714526,142.6208556524806,452.5
910,911,-41.149959461989916,3.778782127782349,138.6334040615878,417.3333333333333
911,912,-41.148798489680686,3.7789712685730668,81.79849917070632,431.5
912,913,-41.14720165762205,3.7781254099090242,206.0882488542486,383.6666666666667
913,914,-41.14580220768453,3.77684067895625,154.96065566121237,439.5
914,915,-41.144386542718976,3.7768650171610703,89.41459238211127,453.0
915,916,-41.14315674431445,3.776558898992874,176.06429186798493,425.0
916,917,-41.14191068819136,3.776061228298743,154.6042685691442,404.0
917,918,-41.140551553519174,3.7750368095626197,104.43953464550093,394.3333333333333
918,919,-41.13949641853588,3.7770590223728897,121.14829788513953,233.75
919,920,-41.13871848551585,3.781490211605575,171.17420545865755,406.5
920,921,-41.13762269944081,3.78413300444551,124.32867529800596,424.3333333333333
921,922,-41.136474650841855,3.786371269631287,136.84096550637003,449.5
922,923,-41.136079937992534,3.788451741887159,128.0752878021381,409.5
923,924,-41.13632729239432,3.79052722561903,116.94874005019584,500.0
924,925,-41.13645568496173,3.7927715855756543,226.28273167575503,451.3333333333333
925,926,-41.13648961211142,3.794663273124107,193.5535393752616,365.5
926,927,-41.1369585941139,3.7972585348394934,60.94006652907022,500.0
927,928,-41.13737756702969,3.800787343651952,148.38535916077046,428.0
928,929,-41.13738504125552,3.802937390046222,147.38277755563706,434.0
929,930,-41.137443308781336,3.8039293905541207,71.28441977966219,500.0
930,931,-41.13755712204404,3.804773911985359,46.610421174428396,500.0
931,932,-41.13711525358999,3.803248832785067,75.61831182621343,500.0
932,933,-41.136555789701255,3.802198535801952,228.08259786508572,355.0
933,934,-41.13605513902047,3.8007488488845107,174.5945833288256,419.0
934,935,-41.13674678412213,3.799400822672422,143.9909901514802,316.6666666666667
935,936,-41.13872588500011,3.799533337662598,203.55616544528505,330.6666666666667
936,937,-41.14207460109367,3.7986950537593085,174.79954834777791,376.6666666666667
937,938,-41.147255192932874,3.798640957821356,13.388249533502277,500.0
938,939,-41.15265883756908,3.7990239113007958,0.7550554939954983,500.0
939,940,-41.15875392185953,3.7979162940869657,-350.10990250234727,499.0
940,941,-41.16512307330775,3.798353675304875,-204.6322114281228,473.5
941,942,-41.17242192175674,3.798376869423567,120.44144977225696,402.5
942,943,-41.17988717898729,3.7988339000757416,4.347940732546548,500.0
943,944,-41.188019167521794,3.7982898150559596,79.44781501112442,500.0
944,945,-41.19642287825179,3.7969377198561984,49.29235170240851,500.0
945,946,-41.20501293395244,3.7957045931944418,-8.076190061811554,500.0
946,947,-41.21375844642057,3.794287716114744,60.827187872434045,500.0
947,948,-41.22266289203622,3.7923643191917353,73.49281165023905,500.0
948,949,-41.23132313691166,3.790221741190649,65.19778297300635,500.0
949,950,-41.24036524059564,3.788192819819849,46.48268356325873,500.0
950,951,-41.250256297516415,3.7855575241598665,46.60499323596227,500.0
951,952,-41.25957590540591,3.7826973746510384,73.48244445649746,500.0
952,953,-41.26832785177045,3.779830768056163,89.77057177475592,461.3333333333333
953,954,-41.27636178805035,3.7770039279871126,205.09993310149355,399.0
954,955,-41.28461572984994,3.774252227612841,82.50933064952805,500.0
955,956,-41.29248690225586,3.77146028756267,20.526476223498218,402.0
956,957,-41.30030883863057,3.7717141936330387,23.70563828456809,500.0
957,958,-41.3075617669971,3.769431783856075,14.11280848023716,500.0
958,959,-41.314645129627216,3.768811952279053,24.963257954005428,500.0
959,960,-41.32211412972792,3.7666046526029433,15.395736314666298,500.0
960,961,-41.32927189319943,3.7663624767618646,17.464209982464542,500.0
961,962,-41.33583965615159,3.764848755420624,37.4658467758019,500.0
962,963,-41.3418914801157,3.7641604776270627,105.74293348509516,500.0
963,964,-41.34760869621616,3.7620680046438975,64.20549177743766,500.0
964,965,-41.35280984690194,3.7611328376764783,56.0701027221461,500.0
965,966,-41.35785472326343,3.759987924091259,96.56395337449823,500.0
966,967,-41.362844769990176,3.7570191811013376,39.48772446963469,500.0
967,968,-41.36726075166088,3.754012474671751,68.69737379040059,500.0
968,969,-41.370872157231,3.750925862050182,64.97400693492447,500.0
969,970,-41.37369340921265,3.7478405282294407,54.18904590608936,500.0
970,971,-41.37581491614681,3.7447446356513887,65.90287780961964,500.0
971,972,-41.37790424209437,3.7417708347819434,36.42892154211103,500.0
972,973,-41.37971311687083,3.7387910068507586,67.35113966106348,500.0
973,974,-41.3809867464116,3.735748198534993,56.628748431290845,500.0
974,975,-41.381646684618545,3.7330688592505408,50.3178996673185,500.0
975,976,-41.38231309459916,3.730432360582835,-1.1377182469877045,500.0
976,977,-41.38313138735817,3.727805332584744,11.300678165814588,431.5
977,978,-41.384577114498164,3.7281271141317878,-58.447287743342905,342.0
978,979,-41.38600276792108,3.729853978889849,35.82999878574793,500.0
979,980,-41.38676951287531,3.7309156345491363,-56.917988845658,449.0
980,981,-41.38722435561798,3.733844439974373,38.33475268483437,500.0
981,982,-41.38741800335851,3.734465886416002,119.16087268976389,467.0
982,983,-41.387146306765636,3.7360129798298463,69.64594869131389,500.0
983,984,-41.38679108939704,3.737757034034653,-86.99035558090063,452.0
984,985,-41.38664993014001,3.7388744324173393,93.8974604350958,450.0
985,986,-41.38669885712614,3.74255094525189,140.97369327144406,482.0
986,987,-41.386909792181775,3.7444260745428672,232.6678587699936,409.0
987,988,-41.38735743334706,3.74476603819057,174.97396166184163,453.5
988,989,-41.388035205132326,3.7457148522948995,87.08076787806918,419.6666666666667
989,990,-41.389081225000574,3.7464302801759986,104.4104908776711,500.0
990,991,-41.39037668675292,3.745781004349554,68.29497952629731,500.0
991,992,-41.39191072407765,3.745530974214461,82.97688252254912,500.0
992,993,-41.39332524640651,3.745080837066601,43.24940691153324,500.0
993,994,-41.39474315758533,3.7434980498280535,82.2997491125444,500.0
994,995,-41.39566276836908,3.741643111687315,45.82406780206796,500.0
995,996,-41.395588507181046,3.7396951059132553,123.93373912541767,446.5
996,997,-41.39466493268276,3.7382609966841067,72.72441989629485,500.0
997,998,-41.39293057157708,3.7372407033934616,240.15079289055925,369.0
998,999,-41.39092170376839,3.7361478224432814,76.88629077095037,476.6666666666667
999,1000,-41.389353241267834,3.7346562843792377,109.00825827602185,500.0
