,Epochs,pi_loss,vf_loss,avg_returns
0,1,-0.00628996454179287,22367.0,-243.91812530553045
1,2,0.02694908156991005,14166.72265625,-207.19072189239162
2,3,0.0067613092251122,16826.048828125,-233.356161401421
3,4,0.017555903643369675,13705.0361328125,-208.20711687335316
4,5,0.005662078037858009,9006.34765625,-178.18123307156856
5,6,0.007886340841650963,5745.98681640625,-105.13391588359642
6,7,0.013526227325201035,7244.36865234375,-164.6284132251988
7,8,0.0015232901787385345,3229.83544921875,-132.76633492846355
8,9,0.014168011024594307,4252.82470703125,-155.65819374997682
9,10,0.033582646399736404,2422.57861328125,-123.7675204644135
10,11,0.009493566118180752,2673.3232421875,-145.72064534543514
11,12,0.00422383239492774,1747.8101806640625,-127.40832581433537
12,13,0.024474430829286575,2287.22314453125,-129.38212473821778
13,14,0.007118506357073784,747.7219848632812,-110.8882191746751
14,15,-0.005425030365586281,1452.626708984375,-127.61968930937984
15,16,0.014129220508038998,882.8072509765625,-111.25537731514174
16,17,0.0036930206697434187,719.2454223632812,-108.28283477745934
17,18,0.000459369650343433,1465.7469482421875,-111.48821227245404
18,19,-0.023225028067827225,839.5248413085938,-107.49169101850352
19,20,0.005116533953696489,2592.423095703125,-134.20854795989408
20,21,0.0061737303622066975,2131.26123046875,-128.0186026869068
21,22,0.0038442243821918964,883.6025390625,-95.43346196941428
22,23,-0.02960495837032795,2118.589111328125,-120.07237187035705
23,24,0.0056106275878846645,2825.1865234375,-135.13492161452717
24,25,-0.008326124399900436,3716.33203125,-148.72619827882556
25,26,0.007091994397342205,3320.884765625,-148.2276873805499
26,27,-0.007179242558777332,4416.3798828125,-210.1477147338954
27,28,-0.007982020266354084,3785.2041015625,-179.14954928780145
28,29,-0.00397027563303709,4141.796875,-201.25090503925148
29,30,-0.027450019493699074,4767.11083984375,-272.49481077434746
30,31,0.014166946522891521,3766.5732421875,-168.3744273830702
31,32,-0.017434995621442795,6163.61279296875,-267.750673436569
32,33,0.0015790972393006086,2883.87109375,-237.2417484744271
33,34,-0.00034220959059894085,4296.875,-295.1988412429908
34,35,0.01767810434103012,3336.46728515625,-273.2003577620378
35,36,0.013950766064226627,3798.40283203125,-225.8487741301239
36,37,0.008297432214021683,2907.932861328125,-211.08824124010164
37,38,0.0033975825645029545,2882.128173828125,-186.04973714389513
38,39,-0.014778976328670979,6502.91357421875,-308.0337373696935
39,40,0.014880368486046791,5433.267578125,-310.3169872291425
40,41,0.021608376875519753,3788.974609375,-168.75360932466677
41,42,0.0044160946272313595,3858.428466796875,-148.661617026159
42,43,-0.022998493164777756,5539.02685546875,-233.49574406394396
43,44,-0.01734934188425541,3289.984619140625,-169.28838690081977
44,45,0.0006810402846895158,5771.4541015625,-165.84137287275664
45,46,0.0006544984062202275,4314.2587890625,-236.5351052037097
46,47,-0.0035144719295203686,4303.255859375,-76.10722603951623
47,48,-0.03876979276537895,2409.462890625,-88.27785570887313
48,49,-0.012535884976387024,1757.3863525390625,-73.76436397624782
49,50,-0.008615131489932537,3028.58154296875,-119.40610613492215
50,51,-0.02284623496234417,2648.1279296875,-59.08283816393725
51,52,0.0034184821415692568,1682.3837890625,-31.263450104190774
52,53,0.005845336709171534,1587.1923828125,-7.766748691076966
53,54,-0.02166920341551304,1178.024169921875,-54.32292241773752
54,55,-0.013854863122105598,1271.9620361328125,-20.968168800541306
55,56,-0.007169627118855715,1157.8089599609375,-37.01007029596877
56,57,0.0014735705917701125,1334.135009765625,-26.949388940791458
57,58,-0.017673946917057037,924.7967529296875,3.8053280964703795
58,59,0.0050950925797224045,1549.0477294921875,-90.52810773095568
59,60,0.01909283548593521,3568.637939453125,-165.11710317248918
60,61,0.010315295308828354,2597.3623046875,-72.11813590561742
61,62,0.0025025624781847,1426.5870361328125,-88.25047980087318
62,63,0.006306573282927275,930.0675659179688,-47.36701873980468
63,64,0.001226059510372579,1192.69873046875,-58.86295671810776
64,65,-0.00025214909692294896,2068.185302734375,-163.92972099637947
65,66,0.00600725831463933,1483.0087890625,-56.83885528735873
66,67,-0.011140985414385796,1293.1612548828125,-60.97762194360813
67,68,0.010443420149385929,1124.5904541015625,-83.53433141125788
68,69,-0.01232875231653452,975.904052734375,-31.36349232576231
69,70,-0.0005216293502599001,1586.80419921875,-85.79686604134733
70,71,-0.018382076174020767,815.416015625,19.23913803311288
71,72,-0.00519575597718358,1858.765625,-51.14227691618343
72,73,-0.01624162495136261,1286.580322265625,-13.742924156730059
73,74,-0.04425172507762909,1078.41064453125,19.108927123489728
74,75,0.01185507234185934,1382.2052001953125,2.8493909127407306
75,76,-0.0006305122515186667,1208.2275390625,-26.108301129496628
76,77,-0.009414196014404297,759.3013916015625,4.1144751573153115
77,78,-0.020928552374243736,1185.4417724609375,-14.588945847173695
78,79,-0.014612683095037937,1338.9033203125,7.130212962699783
79,80,0.002857827115803957,943.392822265625,35.46868778580392
80,81,0.0009328831802122295,1051.5618896484375,26.520356836558136
81,82,-0.013420765288174152,816.5023193359375,7.0544110444574075
82,83,0.007991667836904526,791.0952758789062,23.846275192199567
83,84,0.010188690386712551,810.190185546875,31.86638454239986
84,85,-0.02550484612584114,1212.6671142578125,-4.946367190815774
85,86,-0.008368193171918392,723.1243896484375,65.8019864393378
86,87,-0.02233307622373104,1520.270263671875,-26.796454584699646
87,88,-0.018218141049146652,556.9814453125,24.763878770803046
88,89,-0.002158062532544136,1196.5255126953125,41.804680445828005
89,90,-0.023288562893867493,734.1951293945312,23.721297590581468
90,91,-0.021740440279245377,1144.775390625,13.26901445583201
91,92,-0.03040880337357521,558.5780029296875,42.04840851567934
92,93,-0.046848785132169724,335.2926940917969,39.92057454698433
93,94,-0.023201098665595055,575.43408203125,26.447365578886938
94,95,0.006185148376971483,1418.6524658203125,0.2781025311354092
95,96,-0.01017078012228012,907.6207275390625,40.91925012889392
96,97,-0.023784641176462173,1023.3545532226562,28.128829574595258
97,98,0.0011288948589935899,581.1922607421875,90.89025475778897
98,99,-0.005716283340007067,486.784423828125,62.296293937238666
99,100,-0.001511376816779375,625.2249145507812,78.930821774184
100,101,-0.02348467893898487,663.4635620117188,84.39728773426053
101,102,0.020723044872283936,718.7596435546875,31.387682011184687
102,103,-0.005706861615180969,893.6347045898438,68.2559998501604
103,104,0.00129941466730088,557.799560546875,81.12827712878523
104,105,-0.0151170389726758,598.0750732421875,53.24712843193785
105,106,-0.038565151393413544,620.0941772460938,113.251347590706
106,107,0.00683972192928195,479.11700439453125,84.79421982830574
107,108,-0.008991383016109467,605.5153198242188,53.78543161850668
108,109,-0.015720775350928307,540.3489990234375,88.10036500640186
109,110,-0.005458456464111805,408.3489074707031,91.55042305760492
110,111,-0.0064897132106125355,939.459716796875,60.56089202031701
111,112,0.0010483268415555358,472.3059387207031,90.3817287957146
112,113,-0.02227022498846054,224.599853515625,69.47117476195469
113,114,-7.794904377078637e-05,606.2080688476562,25.81513828868949
114,115,0.007227182853966951,287.9552001953125,21.62884845809499
115,116,0.007026088889688253,327.0880432128906,-97.34391561293619
116,117,0.0036029585171490908,268.8696594238281,29.645644428203703
117,118,-0.014208286069333553,201.98870849609375,24.688316541534086
118,119,-0.0043836068361997604,337.1107482910156,-23.179525849030913
119,120,-0.04153454303741455,481.754150390625,26.705894112021365
120,121,-0.03787709027528763,267.1474914550781,92.16060256046293
121,122,-0.026702018454670906,424.8267822265625,95.81777236779998
122,123,-0.03590559586882591,445.62042236328125,107.43532511211775
123,124,0.017872488126158714,450.18463134765625,141.55411082911203
124,125,-0.005052368156611919,213.14913940429688,123.71790801761034
125,126,-0.02129131183028221,498.3099670410156,124.6636823315017
126,127,-0.026232272386550903,373.707763671875,147.49864220536054
127,128,-0.0031776754185557365,554.63232421875,113.452268514166
128,129,0.0032447383273392916,239.23184204101562,101.74920717420545
129,130,-0.02521253004670143,207.21189880371094,91.42024516726664
130,131,-0.0017391834408044815,291.80291748046875,45.39652665286398
131,132,-0.0004846317751798779,353.02685546875,15.819387138171251
132,133,0.016957594081759453,282.0411682128906,39.603418732385514
133,134,-0.008219722658395767,222.27223205566406,16.82621895912244
134,135,-0.014502660371363163,156.18264770507812,51.07983064828737
135,136,-0.0029196564573794603,219.4779052734375,41.968033274120415
136,137,0.006407926790416241,381.4818420410156,35.558531680094255
137,138,-0.017914218828082085,351.956787109375,50.58372240831194
138,139,-0.01490805484354496,113.95484924316406,61.37860474152675
139,140,-0.010406099259853363,311.1161804199219,60.01702884281389
140,141,-0.008409526199102402,555.3245849609375,68.00755678928824
141,142,0.0063506620936095715,866.099609375,11.380789824970686
142,143,-0.024324454367160797,294.9806213378906,26.26811241665372
143,144,-0.02126752771437168,355.3959045410156,-35.744747022609765
144,145,-0.022318687289953232,194.15135192871094,-46.501900013280256
145,146,0.005553517024964094,223.04736328125,2.321800658448065
146,147,-0.02646244876086712,299.281982421875,-66.66805736474473
147,148,0.023808613419532776,295.99822998046875,-92.27346771264642
148,149,-0.00331499264575541,183.0137176513672,-41.781547354445145
149,150,-0.0022499719634652138,164.19822692871094,-43.5319677277281
150,151,-0.008654516190290451,228.08172607421875,1.4398155896561209
151,152,0.006811247672885656,309.6860656738281,55.69786950844093
152,153,-0.00837627425789833,233.49676513671875,117.07841933661645
153,154,-0.04955732449889183,173.1212615966797,68.61093006009051
154,155,-0.005669006146490574,512.9717407226562,55.672209245490365
155,156,-0.013748247176408768,1064.26806640625,112.7400036405175
156,157,-0.010325029492378235,618.157958984375,83.16442599737887
157,158,0.002645127708092332,424.692626953125,131.06862333973444
158,159,-0.009407849982380867,826.8739013671875,128.47665827971457
159,160,-0.007193477358669043,707.0075073242188,71.19310511952024
160,161,-0.02719275653362274,613.5762329101562,94.70424436479439
161,162,-0.017379455268383026,1150.5726318359375,94.16793916224971
162,163,-0.011572984978556633,744.5098266601562,81.36881884949632
163,164,-0.017619788646697998,810.3810424804688,84.69435876773582
164,165,0.04167887195944786,543.1204223632812,94.03917693632731
165,166,-0.005650600418448448,513.9134521484375,100.45595647648754
166,167,-0.036167580634355545,218.36729431152344,114.11593280220866
167,168,-0.015484866686165333,443.7279052734375,86.06855344082228
168,169,0.009797375649213791,460.9200744628906,93.16909394202824
169,170,0.008954078890383244,198.83828735351562,59.0904468713815
170,171,-0.0256570465862751,471.550048828125,71.27722283912841
171,172,-0.0020035854540765285,250.51913452148438,86.66417965085677
172,173,-0.019658736884593964,228.11175537109375,32.40867519585833
173,174,-0.011600066907703876,186.69590759277344,37.36033773249562
174,175,-0.01578066684305668,513.1974487304688,-55.89617128519045
175,176,-0.012810924090445042,186.1710662841797,11.803785156662578
176,177,-0.0016350471414625645,172.76492309570312,15.53155570434658
177,178,-0.01038666907697916,386.91705322265625,-15.154929528874641
178,179,-0.034586016088724136,290.3630676269531,-22.240979352417806
179,180,-0.005947576370090246,246.64022827148438,-9.733933816984232
180,181,-0.028414355590939522,240.22470092773438,-34.90791143315643
181,182,-0.003519197693094611,163.0902557373047,-57.67687917434738
182,183,-0.010802948847413063,179.64100646972656,-26.094540975193727
183,184,0.007838206365704536,198.05226135253906,-39.70182059859722
184,185,-0.028870822861790657,166.7699737548828,-20.71611577880903
185,186,-0.004867992363870144,160.79847717285156,-14.03596147351426
186,187,-0.0159183107316494,175.2135009765625,-3.1369712545986275
187,188,0.014701802283525467,229.25811767578125,-24.31600945287212
188,189,-0.013181251473724842,212.1865692138672,-27.30949670707211
189,190,0.006721102632582188,181.3739776611328,31.90983851982291
190,191,0.010584144853055477,163.2366943359375,37.8427609303131
191,192,-0.011147642508149147,138.75254821777344,63.01851594955636
192,193,0.005242499988526106,217.89137268066406,84.09589816338121
193,194,-0.010524367913603783,176.3911590576172,102.05944050590921
194,195,-0.015536048449575901,358.5914306640625,111.55461274855007
195,196,0.003696876112371683,545.9364624023438,58.05461677651788
196,197,0.016379879787564278,353.2559814453125,89.73471210950957
197,198,0.007928822189569473,646.5118408203125,58.814310722526365
198,199,-0.03943376988172531,663.8646240234375,128.23513923409752
199,200,-0.004819914698600769,481.6874084472656,105.95310281053408
200,201,-0.0023776579182595015,495.91888427734375,97.83040165925321
201,202,0.020024823024868965,707.0900268554688,86.5981088577386
202,203,0.002448527840897441,871.9461059570312,102.60262878753
203,204,-0.02443196065723896,527.9412841796875,53.248133662643724
204,205,-0.02911956049501896,683.521240234375,70.97069657034143
205,206,-0.04040801525115967,623.2057495117188,109.14395553560985
206,207,-0.0038694164250046015,262.48651123046875,88.90690547955965
207,208,-0.0037701206747442484,438.27764892578125,88.43948684159274
208,209,-0.014888174831867218,108.15049743652344,67.04758255630543
209,210,-0.008183179423213005,245.73956298828125,63.12586779383378
210,211,-0.02272832579910755,246.607421875,73.74323999651648
211,212,-0.01659935712814331,376.6504211425781,24.03911652332494
212,213,-0.008618644438683987,107.1330795288086,0.5353200538598473
213,214,0.0005365486140362918,153.1293182373047,25.72210468010839
214,215,0.027096103876829147,129.09010314941406,68.00211903099519
215,216,-0.03121143765747547,118.62406158447266,79.91384268760771
216,217,0.02701924555003643,200.40687561035156,36.5578976280506
217,218,0.004351653158664703,92.22256469726562,50.59629742329293
218,219,0.014788945205509663,79.29672241210938,56.753802570905634
219,220,-0.03007756918668747,101.70336151123047,73.24019785689836
220,221,-0.027048029005527496,83.99324798583984,46.710125328827715
221,222,-0.019333358854055405,116.87751007080078,72.23108607999903
222,223,-0.025077205151319504,115.5164794921875,77.14370685231626
223,224,-0.03339734673500061,92.86518096923828,68.1078112197424
224,225,0.011998041532933712,74.85274505615234,65.13788594899395
225,226,0.006206901744008064,122.7598648071289,100.29217463631365
226,227,-0.0082636009901762,106.67594909667969,82.01371713214988
227,228,-0.014882531948387623,117.745361328125,88.59501335981236
228,229,-0.014982744120061398,123.26469421386719,47.85193393227967
229,230,-0.03137314319610596,94.8694839477539,65.12116225316831
230,231,0.019421417266130447,83.7702865600586,41.212506746023664
231,232,0.004777224734425545,106.74673461914062,53.15018864554037
232,233,0.026161475107073784,116.82437133789062,-0.6716408431422111
233,234,-0.007817953824996948,83.17224884033203,-23.157654166746372
234,235,-0.015957539901137352,97.3310317993164,-73.13125492340646
235,236,-0.01367427408695221,95.43045806884766,-40.56123082372907
236,237,-0.01926860399544239,57.72378158569336,-59.82843407015755
237,238,-0.03352218121290207,69.07508087158203,-57.04372457110416
238,239,-0.0046435813419520855,255.357177734375,-28.325315484477578
239,240,0.000497684464789927,154.31394958496094,33.35457967954545
240,241,-0.014053326100111008,103.92784118652344,72.88121698890087
241,242,-0.02474449947476387,205.672607421875,85.03928318620159
242,243,0.0026358047034591436,115.82196807861328,85.75008367210893
243,244,-0.03324941545724869,112.9293441772461,93.4159828288189
244,245,-0.0318799763917923,228.75474548339844,102.18671931095099
245,246,-0.01682918705046177,110.5687255859375,97.55993896889765
246,247,0.02109992876648903,233.22610473632812,140.19091678840036
247,248,0.015765471383929253,340.6781921386719,113.00245159902975
248,249,0.014658037573099136,119.36477661132812,109.81610176912776
249,250,-0.01096823439002037,119.02610778808594,107.26537639551587
250,251,-0.010153466835618019,209.13650512695312,80.55819591359058
251,252,-0.015962056815624237,120.34446716308594,117.74624811303049
252,253,-0.00048429847811348736,151.2310333251953,110.30939771305883
253,254,0.01471666619181633,159.07992553710938,112.11661705677757
254,255,0.020868953317403793,314.1304931640625,70.04925811982243
255,256,0.0018761020619422197,178.7991180419922,119.83273700490345
256,257,0.00811986718326807,103.00209045410156,98.18937521472127
257,258,-0.018053429201245308,184.5603790283203,95.99589705280995
258,259,-0.008934768848121166,353.27117919921875,64.52738450671191
259,260,-0.0008115937816910446,155.81280517578125,96.80394163998916
260,261,-0.02717793919146061,290.28448486328125,26.163989487541574
261,262,-0.026777684688568115,111.59676361083984,-14.894093311509877
262,263,0.0029621957801282406,110.11952209472656,-42.293604895396705
263,264,-0.028845638036727905,79.0597152709961,-27.39752824324002
264,265,0.02537163719534874,110.0743408203125,-15.684640592249515
265,266,-0.013019729405641556,72.93021392822266,-46.45722551144876
266,267,0.015517355874180794,138.13206481933594,23.26290084656912
267,268,-0.0025225968565791845,126.60126495361328,37.434913492833275
268,269,0.011755741201341152,91.74649810791016,38.26563219268858
269,270,0.031174087896943092,109.45581817626953,58.1987812614086
270,271,-0.018731703981757164,86.17292022705078,58.145356809391345
271,272,0.010869628749787807,83.98774719238281,61.04200344162183
272,273,-0.016226792708039284,182.4626007080078,44.950788425575986
273,274,-0.002780953422188759,168.0275421142578,106.69077801856751
274,275,-0.013582379557192326,297.5037841796875,72.2483866178499
275,276,0.0016935763414949179,223.9352569580078,54.18815361002158
276,277,0.004847160540521145,179.20587158203125,111.23551982916607
277,278,0.010614883154630661,295.6270751953125,56.95042393394201
278,279,-0.018506938591599464,128.84658813476562,102.59915109201305
279,280,-0.010751530528068542,107.74348449707031,97.94399317513516
280,281,-0.005796500016003847,299.2230224609375,110.49193786961351
281,282,0.008743379265069962,326.18701171875,60.31680646051508
282,283,-0.023154782131314278,481.2617492675781,49.58918448031802
283,284,-0.026958288624882698,285.1865234375,93.9305748528807
284,285,0.006982941646128893,116.23049926757812,86.51350684674019
285,286,0.015731466934084892,601.8045654296875,120.57186595078983
286,287,-0.014247632585465908,68.8784408569336,109.89527044925953
287,288,-0.00235089217312634,54.32461929321289,101.46029648877465
288,289,0.01612495817244053,236.51658630371094,55.651573336154065
289,290,0.0011370215797796845,208.32188415527344,99.78784662460137
290,291,-0.0033020940609276295,288.4814453125,106.33138841755319
291,292,-0.0002514600637368858,522.4331665039062,52.654463465082856
292,293,-0.013102862983942032,103.23675537109375,47.87944342504477
293,294,-0.015588794834911823,235.64039611816406,46.56743708736532
294,295,0.0048296889290213585,60.646976470947266,49.088723331496965
295,296,-0.005188255570828915,309.5570983886719,105.94735577034929
296,297,0.006474286783486605,852.5864868164062,56.328046031667355
297,298,-0.027622587978839874,183.6143341064453,88.26698693273015
298,299,-0.028851250186562538,308.0234069824219,73.94195239877885
299,300,0.029698189347982407,181.8549041748047,120.42657315586342
